utils/dem_new.bin
ncols        256
nrows        256
xllcorner    -12.000000000000
yllcorner    50.000000000000
dx           0.060546875000
dy           0.035156250000
[rows 189 to 251 of 256, columns 96 to 191 of 256]
0 0 0 0 0 0 0 0 0 0 0 0 0 0 0 0 0 0 0 0 0 0 0 0 0 0 0 0 0 0 0 0 0 0 152 146 149 108 169 430 431 451 375 329 305 312 305 280 305 305 303 284 302 221 146 151 154 94 72 78 71 95 153 108 73 75 75 82 90 152 113 159 116 85 83 79 74 76 76 77 78 105 152 152 152 152 103 85 87 80 66 80 59 77 76 70
0 0 0 0 0 0 0 0 0 0 0 0 0 0 0 0 0 0 0 0 0 0 0 0 0 0 0 0 0 0 0 0 0 58 165 247 249 232 275 442 451 457 325 322 305 303 297 259 285 439 296 239 261 193 148 156 97 76 92 78 140 97 155 114 72 73 73 75 76 128 77 114 90 77 79 76 74 74 75 79 76 103 152 143 145 145 85 79 80 82 65 63 76 76 67 60
0 0 0 0 0 0 0 0 0 0 0 0 0 0 0 0 0 0 0 0 0 0 0 0 0 0 0 0 0 0 0 0 0 172 266 314 213 208 291 423 460 430 385 339 248 310 226 239 302 576 305 205 171 138 152 117 76 79 164 172 146 169 84 121 74 72 73 75 76 76 85 75 75 76 77 75 75 76 75 94 119 127 154 142 110 101 79 79 76 76 69 77 81 76 72 59
0 0 0 0 0 0 0 0 0 0 0 0 0 0 0 0 0 0 0 0 0 0 0 0 0 0 0 0 0 0 0 36 70 185 223 196 155 206 431 466 457 513 405 459 318 217 247 304 302 344 278 248 273 146 112 84 76 76 152 182 152 147 73 76 72 71 73 73 73 76 77 74 76 77 78 73 76 77 80 117 144 150 154 132 94 79 74 71 80 76 76 78 82 72 76 69
0 0 0 0 0 0 0 0 0 0 0 0 0 0 0 0 0 0 0 0 0 0 0 0 0 0 0 0 153 159 170 166 179 156 166 154 169 303 332 295 433 353 321 260 185 150 187 314 298 373 258 170 158 129 157 129 169 94 94 158 155 153 80 79 69 70 71 71 72 76 75 71 71 72 73 76 77 97 152 147 140 153 152 152 144 148 92 77 83 78 63 64 77 50 67 52
0 0 0 0 0 0 0 0 0 0 0 0 0 0 0 0 0 0 0 0 0 0 0 0 0 0 0 0 153 159 170 166 179 156 166 154 169 303 332 295 433 353 321 260 185 150 187 314 298 373 258 170 158 129 157 129 169 94 94 158 155 153 80 79 69 70 71 71 72 76 75 71 71 72 73 76 77 97 152 147 140 153 152 152 144 148 92 77 83 78 63 64 77 50 67 52
0 0 0 0 0 0 0 0 0 0 0 0 0 0 0 0 0 0 0 0 0 0 0 0 0 77 72 154 152 167 184 176 174 158 151 145 300 305 301 308 304 299 297 233 255 253 270 172 318 305 213 111 98 72 172 152 76 75 76 102 125 150 114 153 69 70 71 70 71 76 71 71 71 71 74 76 86 133 153 153 128 141 152 149 114 103 90 76 81 66 76 79 75 50 48 50
0 0 0 0 0 0 0 0 0 0 0 0 0 0 0 0 0 0 0 0 0 0 0 0 55 77 152 161 152 160 156 166 167 130 157 193 292 304 309 168 312 307 272 339 342 308 327 190 275 280 76 106 140 72 88 117 77 76 73 118 74 73 115 233 69 70 71 69 69 69 69 69 72 146 106 75 108 151 154 134 118 151 152 134 114 106 92 77 78 69 77 77 78 62 63 72
0 0 0 0 0 0 0 0 0 0 0 0 0 0 0 0 0 0 0 0 0 0 0 76 153 58 76 91 150 156 149 153 136 160 305 300 205 255 289 145 192 268 297 432 339 309 316 203 210 141 152 330 299 152 76 75 76 71 72 76 73 70 146 157 69 69 70 92 259 69 69 69 150 153 146 75 147 153 152 117 106 136 152 129 110 103 88 78 76 78 72 76 75 71 76 76
0 0 0 0 0 0 0 0 0 0 0 0 0 0 0 0 0 0 39 0 0 0 67 73 153 136 70 141 87 71 135 125 182 315 305 247 151 218 166 162 155 299 305 305 304 296 314 305 151 135 361 439 340 139 150 102 81 71 72 78 76 73 112 140 69 69 69 69 81 73 69 142 189 134 114 77 146 152 148 110 99 126 137 106 99 93 80 76 76 78 69 76 82 76 76 63
0 0 0 0 0 0 0 0 0 0 0 0 0 0 0 0 0 0 88 73 92 160 137 148 138 158 166 162 177 164 157 160 265 254 171 153 129 177 150 113 152 292 308 304 290 251 283 212 143 267 609 437 287 168 127 105 137 152 88 77 76 72 70 71 69 69 70 71 75 76 94 253 206 152 136 129 152 153 142 111 93 97 116 103 92 85 75 80 80 77 115 143 127 76 77 62
0 0 0 0 0 0 0 0 0 0 0 0 0 0 0 57 93 99 76 91 152 207 231 273 249 148 159 154 152 152 152 152 161 128 152 156 153 68 122 204 363 321 283 249 306 261 194 151 190 301 419 378 302 135 75 160 152 104 75 75 76 70 68 67 68 69 80 75 72 225 162 194 176 153 153 152 154 158 156 116 82 79 83 81 77 76 77 79 85 83 78 91 109 127 124 153
0 0 0 0 0 0 0 0 0 0 0 0 0 0 61 64 76 89 93 64 113 139 161 98 144 151 160 158 154 159 114 90 135 74 66 76 65 185 154 310 562 485 311 286 322 568 423 319 177 146 423 423 215 152 152 69 148 90 76 76 92 178 64 67 61 68 72 71 77 235 164 167 156 152 152 142 157 148 140 77 74 77 76 73 75 76 77 79 85 86 80 84 104 150 143 154
0 0 0 0 0 0 0 0 0 0 0 0 0 0 0 0 0 59 103 64 76 84 76 70 81 135 88 79 71 78 50 22 45 55 42 98 115 278 339 473 562 455 473 451 576 582 614 311 271 213 141 317 297 282 150 111 126 160 85 76 156 111 52 52 55 72 69 154 170 174 162 161 153 152 154 144 141 109 120 76 76 76 69 71 74 75 76 76 77 86 92 102 131 153 156 134
0 0 0 0 0 0 0 0 0 0 0 0 0 0 0 0 0 61 76 44 60 77 61 76 76 57 55 53 76 81 14 88 81 93 153 150 141 271 300 322 394 288 455 349 411 449 454 471 482 448 288 60 93 138 74 62 74 77 97 161 152 72 21 35 60 75 143 192 184 157 152 154 152 138 151 152 153 144 83 75 76 68 72 73 105 77 78 76 76 97 107 116 154 153 142 122
0 0 0 0 0 0 0 0 0 0 0 0 0 0 0 0 0 61 76 44 60 77 61 76 76 57 55 53 76 81 14 88 81 93 153 150 141 271 300 322 394 288 455 349 411 449 454 471 482 448 288 60 93 138 74 62 74 77 97 161 152 72 21 35 60 75 143 192 184 157 152 154 152 138 151 152 153 144 83 75 76 68 72 73 105 77 78 76 76 97 107 116 154 153 142 122
0 0 0 0 0 0 0 0 0 0 0 0 0 0 0 0 0 59 77 45 36 19 76 74 79 137 105 17 76 71 76 73 130 78 152 156 72 161 228 176 144 193 288 247 350 318 328 494 415 390 423 423 135 76 64 76 63 98 146 164 152 2 9 24 65 150 157 169 165 149 153 152 139 155 152 98 78 94 77 66 68 65 77 76 76 76 76 76 96 151 152 149 152 152 145 98
0 0 0 0 0 0 0 0 0 0 0 0 0 0 0 1 1 5 14 30 7 13 23 54 3 0 0 0 0 0 73 76 80 145 76 49 153 172 97 307 303 106 238 339 209 244 337 323 281 271 303 270 271 31 76 69 162 146 153 86 38 3 30 40 86 119 144 140 153 144 132 122 87 95 89 75 72 73 68 76 79 60 76 63 77 76 76 81 152 152 155 152 160 160 82 81
0 0 0 0 0 0 0 0 0 0 0 0 0 0 0 0 1 0 0 0 19 4 15 22 1 0 0 0 0 0 29 89 63 62 48 42 78 100 140 132 82 210 449 307 342 142 173 286 289 282 184 210 129 81 48 80 152 152 144 9 0 12 98 78 157 137 152 153 150 130 111 102 79 75 76 72 70 72 76 77 76 76 78 63 75 76 109 159 153 153 152 157 132 102 79 76
0 0 0 0 0 0 0 0 0 0 0 0 0 0 0 0 0 0 1 1 1 1 3 1 0 0 0 0 0 0 0 0 0 1 0 38 72 26 90 78 185 271 305 463 303 301 242 154 178 152 153 189 76 76 33 172 151 142 62 0 20 31 76 162 166 156 147 137 132 106 100 85 76 76 75 83 79 77 71 63 58 56 69 71 76 98 165 165 151 140 155 152 99 74 78 70
0 0 0 0 0 0 0 0 0 0 0 0 0 0 0 0 0 0 1 1 1 0 0 0 0 0 0 0 0 0 0 35 1 8 80 86 81 20 5 158 197 310 309 316 341 154 268 141 244 152 132 119 46 18 110 122 79 76 1 0 59 63 56 71 155 152 114 104 101 96 94 87 82 87 84 90 76 74 73 60 70 66 62 62 114 148 180 152 155 72 125 130 80 76 71 76
0 0 0 0 0 0 0 0 0 0 0 0 0 0 0 0 0 0 0 0 0 0 0 0 0 0 0 0 0 0 0 80 73 108 49 75 0 0 0 28 211 306 155 271 300 178 313 106 154 74 109 75 33 1 49 37 5 7 0 39 77 76 73 91 154 132 100 80 76 85 95 98 103 101 105 98 128 97 91 94 101 75 73 55 139 153 152 75 125 70 74 82 76 76 74 72
0 0 0 0 0 0 0 0 0 0 0 0 0 0 0 0 0 0 0 0 0 0 0 0 0 0 0 0 0 0 0 56 74 0 0 0 0 0 0 0 81 162 150 108 177 152 85 124 122 159 59 73 14 1 3 1 0 0 10 69 76 75 94 138 150 113 94 75 76 76 92 126 129 134 141 146 181 157 156 159 152 95 74 60 156 156 114 38 74 70 76 76 78 41 53 50
0 0 0 0 0 0 0 0 0 0 0 0 0 0 0 0 0 0 0 0 0 0 0 0 0 0 0 0 0 0 0 0 0 0 0 0 0 0 0 0 12 53 35 49 76 76 76 50 47 16 1 0 0 0 0 0 1 14 55 77 74 76 132 155 150 104 91 70 72 76 141 155 155 152 155 157 161 152 152 152 152 124 145 68 73 84 79 40 64 45 30 30 33 34 33 30
0 0 0 0 0 0 0 0 0 0 0 0 0 0 0 0 0 0 0 0 0 0 0 0 0 0 0 0 0 0 0 0 0 0 0 0 0 0 0 0 12 53 35 49 76 76 76 50 47 16 1 0 0 0 0 0 1 14 55 77 74 76 132 155 150 104 91 70 72 76 141 155 155 152 155 157 161 152 152 152 152 124 145 68 73 84 79 40 64 45 30 30 33 34 33 30
0 0 0 0 0 0 0 0 0 0 0 0 0 0 0 0 0 0 0 0 0 0 0 0 0 0 0 0 0 0 0 0 0 0 0 0 0 0 0 0 0 0 69 75 76 76 82 81 62 9 0 0 0 0 0 9 76 85 72 62 78 73 151 153 160 79 79 67 74 77 161 155 158 152 154 148 171 151 125 133 125 110 93 76 82 62 47 45 55 51 57 68 49 29 31 26
0 0 0 0 0 0 0 0 0 0 0 0 0 0 0 0 0 0 0 0 0 0 0 0 0 0 0 0 0 0 0 0 0 0 0 0 0 0 0 0 0 0 0 84 76 18 48 75 53 4 0 0 0 0 0 9 28 17 27 27 31 53 152 146 135 79 76 76 74 77 161 152 155 151 133 146 112 130 112 93 82 88 76 76 74 63 76 59 72 63 76 76 70 27 28 23
0 0 0 0 0 0 0 0 0 0 0 0 0 0 0 0 0 0 0 0 0 0 0 0 0 0 0 0 0 0 0 0 0 0 0 0 0 0 0 0 0 0 0 0 0 1 1 4 1 0 0 0 0 5 1 18 94 173 152 85 56 37 83 44 138 79 55 76 77 163 163 183 155 159 156 151 130 117 106 89 78 74 71 76 79 53 49 70 76 77 76 69 45 30 25 23
0 0 0 0 0 0 0 0 0 0 0 0 0 0 0 0 0 0 0 0 0 0 0 0 0 0 0 0 0 0 0 0 0 0 0 0 0 0 0 0 0 0 0 0 0 0 0 0 0 0 0 0 0 72 21 25 77 93 118 66 90 92 145 151 100 72 55 78 73 127 143 152 152 152 152 149 152 166 152 116 102 78 79 78 64 56 62 65 77 78 75 66 46 31 28 26
0 0 0 0 0 0 0 0 0 0 0 0 0 0 0 0 0 0 0 0 0 0 0 0 0 0 0 0 0 0 0 0 0 0 0 0 0 0 0 0 0 0 0 0 0 0 0 0 0 0 0 0 0 5 55 85 228 234 174 130 137 76 134 105 55 58 76 68 72 99 155 152 146 154 155 153 156 145 152 155 153 152 152 87 73 67 76 68 70 75 75 68 48 38 32 52
0 0 0 0 0 0 0 0 0 0 0 0 0 0 0 0 0 0 0 0 0 0 0 0 0 0 0 0 0 0 0 0 0 0 0 0 0 0 0 0 0 0 0 0 0 0 0 0 0 0 0 0 0 8 12 27 79 167 205 175 156 144 156 99 76 63 138 178 165 150 152 152 124 151 154 152 146 152 114 139 126 124 146 106 95 81 80 80 114 76 76 70 55 60 82 122
0 0 0 0 0 0 0 0 0 0 0 0 0 0 0 0 0 0 0 0 0 0 0 0 0 0 0 0 0 0 0 0 0 0 0 0 0 34 123 180 233 110 0 121 0 0 0 0 0 0 0 0 0 7 10 33 49 57 141 181 173 152 127 101 79 104 160 162 152 145 136 141 106 137 136 146 91 104 123 79 76 116 144 152 152 134 119 127 148 76 77 77 50 106 152 149
0 0 0 0 0 0 0 0 0 0 0 0 0 0 0 0 0 0 0 0 0 0 0 0 0 0 0 0 0 0 0 0 0 119 147 144 126 227 256 351 306 305 280 100 141 1 0 0 0 17 4 1 1 6 11 23 44 40 54 119 179 167 152 127 119 152 123 157 152 150 117 110 92 140 109 129 84 74 88 77 76 137 152 152 155 153 170 113 76 76 70 76 72 76 145 194
0 0 0 0 0 0 0 0 0 0 0 0 0 0 0 0 0 0 0 0 0 0 0 0 0 0 0 0 0 0 0 0 0 156 167 160 141 287 319 444 315 304 457 307 164 162 55 36 188 119 24 1 2 8 17 22 35 40 48 72 129 160 152 137 153 152 160 103 98 118 117 90 86 122 84 106 79 75 68 76 75 103 127 148 154 149 115 78 77 70 70 76 86 53 146 110
0 0 0 0 0 0 0 0 0 0 0 0 0 0 0 0 0 0 0 0 0 0 0 0 0 0 0 0 0 0 0 0 0 156 167 160 141 287 319 444 315 304 457 307 164 162 55 36 188 119 24 1 2 8 17 22 35 40 48 72 129 160 152 137 153 152 160 103 98 118 117 90 86 122 84 106 79 75 68 76 75 103 127 148 154 149 115 78 77 70 70 76 86 53 146 110
0 0 0 0 0 0 0 0 0 0 0 0 0 0 0 0 0 0 0 0 0 0 0 0 0 0 0 0 0 0 0 0 73 94 139 138 140 186 308 462 312 303 300 286 305 186 161 141 104 263 87 14 4 8 19 27 36 41 62 76 72 97 152 155 191 152 160 155 157 135 67 80 73 76 88 118 74 52 80 77 77 80 95 148 155 153 135 76 87 160 112 76 76 52 58 76
0 0 0 0 0 0 0 0 0 0 0 0 0 0 0 0 0 0 0 0 0 0 0 0 0 0 0 0 0 0 0 0 1 57 67 65 78 156 153 223 285 311 237 258 241 308 304 182 111 65 86 107 63 15 21 63 35 65 55 62 77 83 97 126 98 125 152 137 126 101 128 67 49 78 76 69 68 79 127 82 47 77 82 102 155 152 152 76 83 150 212 76 55 36 35 42
0 0 0 0 0 0 0 0 0 0 0 0 0 0 0 0 0 0 0 0 0 0 0 0 0 0 0 0 0 0 0 48 22 76 76 76 77 120 131 137 144 150 258 162 165 210 252 159 77 58 45 46 37 21 24 29 32 43 51 61 78 96 68 76 76 121 152 154 152 151 81 106 74 76 77 77 52 67 77 76 50 77 152 90 150 156 132 78 76 160 67 60 48 33 31 37
0 0 0 0 0 0 0 0 0 0 0 0 0 0 0 0 0 0 0 0 0 0 0 0 0 0 0 94 143 62 0 76 59 90 142 112 68 115 76 130 152 162 237 159 132 152 175 133 76 61 57 57 72 37 34 35 41 47 56 64 137 98 73 66 76 78 153 161 153 157 139 83 80 77 76 67 71 45 43 29 36 76 99 72 151 152 76 70 59 47 63 76 76 26 28 26
0 0 0 0 0 0 0 0 0 0 0 0 0 0 0 0 0 0 0 0 0 0 0 0 0 0 0 151 163 166 161 112 86 70 152 153 144 99 146 152 159 170 274 199 152 175 176 116 113 140 123 129 102 57 52 44 65 72 78 73 88 80 77 63 62 74 158 152 149 113 95 74 58 81 97 69 38 29 31 16 23 53 71 76 139 152 140 101 95 56 61 49 37 19 35 29
0 0 0 0 0 0 0 0 0 0 0 0 0 0 0 0 0 0 0 0 0 0 0 0 0 0 0 172 157 152 147 152 149 71 75 132 162 83 161 168 150 153 257 162 106 116 123 97 151 159 203 205 164 65 76 54 67 77 76 73 76 77 65 59 53 76 152 126 111 76 74 54 28 78 77 75 37 13 11 12 21 23 45 76 76 82 76 79 139 131 158 150 58 49 57 55
0 0 0 0 0 0 0 0 0 0 0 0 0 0 0 0 0 0 0 0 0 0 0 0 0 0 75 160 155 154 151 151 149 121 55 78 154 128 137 112 170 201 193 140 83 76 70 121 163 157 170 168 164 125 147 117 59 65 75 76 75 74 69 62 124 49 90 85 86 60 65 46 27 76 76 76 35 12 1 4 10 19 22 56 75 65 49 71 80 76 145 132 85 96 151 144
0 0 0 0 0 0 0 0 0 0 0 0 0 0 0 0 0 0 0 0 0 0 0 0 0 0 10 93 131 141 152 133 111 74 75 80 130 105 152 122 155 129 101 153 127 87 64 90 159 152 153 132 148 77 156 147 152 159 164 153 156 153 160 154 152 92 60 40 48 24 23 14 18 68 64 38 15 5 2 1 0 1 1 0 1 0 0 4 37 30 4 21 16 13 23 38
0 0 0 0 0 0 0 0 0 0 0 0 0 0 0 0 0 0 0 0 0 0 0 0 0 0 10 93 131 141 152 133 111 74 75 80 130 105 152 122 155 129 101 153 127 87 64 90 159 152 153 132 148 77 156 147 152 159 164 153 156 153 160 154 152 92 60 40 48 24 23 14 18 68 64 38 15 5 2 1 0 1 1 0 1 0 0 4 37 30 4 21 16 13 23 38
0 0 0 0 0 0 0 0 0 0 0 0 0 0 0 0 0 0 0 0 0 0 0 0 0 0 18 70 103 108 149 152 154 124 103 124 124 145 151 151 119 89 68 54 56 79 66 76 107 144 152 82 76 83 152 114 67 96 160 148 152 154 143 141 119 76 76 29 22 18 13 5 8 38 63 36 6 3 1 1 0 0 1 0 1 1 0 1 15 8 1 1 0 0 0 0
0 0 0 0 0 0 0 0 0 0 0 0 0 0 0 0 0 0 0 0 0 0 0 0 0 0 91 76 72 75 152 152 153 157 167 159 155 160 153 153 121 83 112 40 75 28 45 72 110 153 131 64 56 160 89 76 53 67 175 154 143 122 91 89 67 54 41 27 17 37 17 1 1 40 88 16 3 1 0 0 1 0 0 0 0 0 0 0 3 0 0 0 0 0 0 0
0 0 0 0 0 0 0 0 0 0 0 0 0 0 0 0 0 0 0 0 0 0 0 0 0 127 129 112 130 73 152 158 156 161 215 231 311 286 195 154 141 149 153 33 53 33 64 75 149 158 105 39 90 35 0 89 35 75 147 153 128 82 79 71 55 47 44 13 2 1 6 1 1 0 0 0 1 0 28 8 8 3 8 0 0 0 0 0 0 0 0 0 0 0 0 0
0 0 0 0 0 0 0 0 0 0 0 0 0 0 0 0 0 0 0 0 0 0 0 0 17 189 157 115 132 82 98 118 106 140 231 321 493 426 196 152 122 116 157 56 13 41 76 76 120 131 52 0 0 0 0 0 0 0 76 152 147 73 71 69 54 46 37 7 1 0 0 0 0 0 0 0 0 21 76 57 42 17 52 3 0 0 0 0 0 0 0 0 0 0 0 0
0 0 0 0 0 0 0 0 0 0 0 0 0 0 0 0 0 0 0 0 0 0 0 111 189 305 225 161 152 158 62 120 82 148 309 322 516 457 448 308 135 203 76 164 54 0 41 0 0 0 0 0 0 0 0 0 0 0 0 0 6 6 0 0 38 30 54 76 75 78 0 0 0 0 0 0 0 0 0 52 79 76 65 0 0 0 0 0 0 0 0 0 0 0 0 0
0 0 0 0 0 0 0 0 0 0 0 0 0 0 0 0 0 0 0 0 0 4 76 156 155 385 305 224 134 144 44 154 175 157 239 328 481 413 401 329 161 69 54 152 93 0 0 0 0 0 0 0 0 0 0 0 0 0 0 0 0 0 0 0 0 0 0 0 65 0 0 0 0 0 0 0 0 0 0 0 0 52 0 0 0 0 0 0 0 0 0 0 0 0 0 0
0 0 0 0 0 0 0 0 0 0 0 0 0 0 0 0 0 0 0 0 0 64 71 79 155 327 284 323 152 153 92 70 129 152 274 339 443 362 304 337 164 100 42 105 57 0 0 0 0 0 0 0 0 0 0 0 0 0 0 0 0 0 0 0 0 0 0 0 0 0 0 0 0 0 0 0 0 0 0 0 0 0 0 0 0 0 0 0 0 0 0 0 0 0 0 0
0 0 0 0 0 0 0 0 0 0 0 0 0 0 0 0 0 0 0 32 6 21 59 76 89 249 209 300 150 126 157 129 28 104 174 211 376 385 288 174 152 119 62 72 0 0 0 0 0 0 0 0 0 0 0 0 0 0 0 0 0 1 0 0 0 0 0 0 0 0 0 0 0 0 0 0 0 0 0 0 0 0 0 0 0 0 0 0 0 0 0 0 0 0 0 0
0 0 0 0 0 0 0 0 0 0 0 0 0 0 0 0 0 0 0 75 67 112 71 66 154 170 153 201 168 154 94 117 22 73 152 198 344 465 310 79 79 75 78 78 0 0 0 0 0 0 0 0 0 0 0 0 0 0 0 0 0 0 0 0 0 0 0 0 0 0 0 0 0 0 0 0 0 0 0 0 0 0 0 0 0 0 0 0 0 0 0 0 0 0 0 0
0 0 0 0 0 0 0 0 0 0 0 0 0 0 0 0 0 0 0 75 67 112 71 66 154 170 153 201 168 154 94 117 22 73 152 198 344 465 310 79 79 75 78 78 0 0 0 0 0 0 0 0 0 0 0 0 0 0 0 0 0 0 0 0 0 0 0 0 0 0 0 0 0 0 0 0 0 0 0 0 0 0 0 0 0 0 0 0 0 0 0 0 0 0 0 0
0 0 0 0 0 0 0 0 0 0 0 0 0 0 0 0 0 0 0 76 97 153 117 88 51 94 156 77 65 76 76 63 16 56 67 103 170 271 184 152 76 60 76 0 0 0 0 0 0 0 0 0 0 0 0 0 0 0 0 0 0 0 0 0 0 0 0 0 0 0 0 0 0 0 0 0 0 0 0 0 0 0 0 0 0 0 0 0 0 0 0 0 0 0 0 0
0 0 0 0 0 0 0 0 0 0 0 0 0 0 0 0 0 27 25 76 147 152 153 95 81 73 116 69 62 71 57 18 18 41 51 61 122 109 152 122 76 68 54 64 0 0 0 0 0 0 0 0 0 0 0 0 0 0 0 0 0 0 0 0 0 0 0 0 0 0 0 0 0 0 0 0 0 0 0 0 0 0 0 0 0 0 0 0 0 0 0 0 0 0 0 0
0 0 0 0 0 0 0 0 0 0 0 0 0 0 0 0 0 76 54 78 128 171 154 151 58 32 79 49 0 0 0 73 50 0 62 59 70 62 76 101 161 150 152 83 0 0 0 0 0 0 0 0 0 0 0 0 0 0 0 0 0 0 0 0 0 0 0 0 0 0 0 0 0 0 0 0 0 0 0 0 0 0 0 0 0 0 0 0 0 0 0 0 0 0 0 0
0 0 0 0 0 0 0 0 0 0 0 0 0 0 0 0 76 76 75 76 81 108 70 0 0 32 21 0 0 0 0 0 0 0 63 30 79 68 76 73 147 146 78 0 0 0 0 0 0 0 0 0 0 0 0 0 0 0 0 0 0 0 0 0 0 0 0 0 0 0 0 0 0 0 0 0 0 0 0 0 0 0 0 0 0 0 0 0 0 0 0 0 0 0 0 0
0 0 0 0 0 0 0 0 0 0 0 0 0 0 0 81 90 76 76 48 72 76 44 0 0 0 0 0 0 0 0 0 0 0 0 0 0 0 26 76 78 86 0 0 0 0 0 0 0 0 0 0 0 0 0 0 0 0 0 0 0 0 0 0 0 0 0 0 0 0 0 0 0 0 0 0 0 0 0 0 0 0 0 0 0 0 0 0 0 0 0 0 0 0 0 0
0 0 0 0 0 0 0 0 0 0 0 0 0 0 36 76 76 77 46 46 60 73 27 0 0 0 0 0 0 0 0 0 0 0 0 0 0 0 34 60 68 76 0 0 0 0 0 0 0 0 0 0 0 0 0 0 0 0 0 0 0 0 0 0 0 0 0 0 0 0 0 0 0 0 0 0 0 0 0 0 0 0 0 0 0 0 0 0 0 0 0 0 0 0 0 0
0 0 0 0 0 0 0 0 0 0 0 0 0 26 77 136 84 76 69 9 68 0 0 0 0 0 0 0 0 0 0 0 0 0 0 0 0 0 0 42 76 57 0 0 0 0 0 0 0 0 0 0 0 0 0 0 0 0 0 0 0 0 0 0 0 0 0 0 0 0 0 0 0 0 0 0 0 0 0 0 0 0 0 0 0 0 0 0 0 0 0 0 0 0 0 0
0 0 0 0 0 0 0 0 59 162 157 70 45 76 149 157 156 43 0 1 0 0 0 0 0 0 0 0 0 0 0 0 0 0 0 0 0 0 0 0 0 0 0 0 0 0 0 0 0 0 0 0 0 0 0 0 0 0 0 0 0 0 0 0 0 0 0 0 0 0 0 0 0 0 0 0 0 0 0 0 0 0 0 0 0 0 0 0 0 0 0 0 0 0 0 0
0 0 0 0 0 0 0 0 59 162 157 70 45 76 149 157 156 43 0 1 0 0 0 0 0 0 0 0 0 0 0 0 0 0 0 0 0 0 0 0 0 0 0 0 0 0 0 0 0 0 0 0 0 0 0 0 0 0 0 0 0 0 0 0 0 0 0 0 0 0 0 0 0 0 0 0 0 0 0 0 0 0 0 0 0 0 0 0 0 0 0 0 0 0 0 0
