utils/dem_new.bin
ncols        256
nrows        256
xllcorner    -12.000000000000
yllcorner    50.000000000000
dx           0.060546875000
dy           0.035156250000
[rows 63 to 125 of 256, columns 96 to 191 of 256]
22 18 41 139 1 32 75 75 75 195 156 491 339 140 75 0 161 339 475 597 588 420 457 419 456 507 617 448 526 609 613 454 421 385 305 304 262 229 186 271 491 576 420 305 432 439 411 311 371 445 368 301 200 317 288 194 112 73 72 84 58 71 0 0 0 0 0 0 0 0 0 0 0 0 0 0 0 0 0 0 0 0 0 0 0 0 0 0 0 0 0 0 0 0 0 0
152 192 138 217 213 98 78 82 603 327 224 347 305 137 400 28 339 339 467 423 409 576 464 598 441 437 561 421 450 453 431 372 416 677 301 309 327 348 289 136 385 419 462 343 306 325 302 344 285 319 445 270 186 183 134 93 76 76 63 64 9 1 0 0 0 0 0 0 0 0 0 0 0 0 0 0 0 0 0 0 0 0 0 0 0 0 0 0 0 0 0 0 0 0 0 0
20 58 395 119 271 271 108 50 119 57 122 230 467 175 0 0 110 44 214 440 291 398 394 394 462 453 312 315 280 280 280 280 280 265 322 312 168 326 398 423 111 223 394 428 257 288 302 415 223 253 302 182 151 108 76 92 89 77 76 56 40 1 0 0 0 0 0 0 0 0 0 0 0 0 0 0 0 0 0 0 0 0 0 0 0 0 0 0 0 0 0 0 0 0 0 0
0 0 0 0 46 133 262 313 322 288 423 403 271 0 45 576 516 317 157 429 495 437 395 369 453 304 305 305 339 311 351 447 639 690 614 490 451 517 389 135 227 81 287 456 333 280 241 300 264 136 152 131 112 83 76 128 90 84 68 90 64 0 0 0 0 0 0 0 0 0 0 0 0 0 0 0 0 0 0 0 0 0 0 0 0 0 0 0 0 0 0 0 0 0 0 0
144 107 0 282 110 89 423 271 174 367 148 134 0 0 80 347 313 514 617 411 440 481 388 334 304 413 381 538 556 590 611 628 704 846 619 525 333 271 86 287 293 271 169 285 352 292 184 183 153 77 76 65 68 70 89 150 85 77 59 39 23 0 0 0 0 0 0 0 0 0 0 0 0 0 0 0 0 0 0 0 0 0 0 0 0 0 0 0 0 0 0 0 0 0 0 0
140 163 203 0 121 203 42 97 151 120 0 0 0 82 288 68 525 532 98 601 512 555 296 231 456 582 593 576 419 339 528 712 881 617 183 183 444 466 509 361 308 284 58 156 127 76 57 35 44 75 132 293 294 198 152 158 152 132 66 1 0 0 0 0 0 0 0 0 0 0 0 0 0 0 0 0 0 0 0 0 0 0 0 0 0 0 0 0 0 0 0 0 0 0 0 0
167 158 115 1 0 0 33 288 305 0 0 0 0 0 74 532 271 134 593 530 319 290 294 271 600 478 642 508 632 636 799 752 897 183 452 597 609 474 296 385 220 242 303 144 71 36 28 38 76 163 168 186 210 126 140 146 98 73 1 0 0 0 0 0 0 0 0 0 0 0 0 0 0 0 0 0 0 0 0 0 0 0 0 0 0 0 0 0 0 0 0 0 0 0 0 0
147 194 0 145 57 252 0 0 0 0 1 1 0 156 200 423 41 282 423 135 423 425 135 211 375 621 643 277 217 183 462 183 183 186 574 491 627 576 491 315 471 461 299 112 76 25 84 111 172 159 166 100 136 75 55 24 18 1 0 0 0 0 0 0 0 0 0 0 0 0 0 0 0 0 0 0 0 0 0 0 0 0 0 0 0 0 0 0 0 0 0 0 0 0 0 0
147 194 0 145 57 252 0 0 0 0 1 1 0 156 200 423 41 282 423 135 423 425 135 211 375 621 643 277 217 183 462 183 183 186 574 491 627 576 491 315 471 461 299 112 76 25 84 111 172 159 166 100 136 75 55 24 18 1 0 0 0 0 0 0 0 0 0 0 0 0 0 0 0 0 0 0 0 0 0 0 0 0 0 0 0 0 0 0 0 0 0 0 0 0 0 0
0 0 48 81 77 186 414 232 0 0 0 0 0 14 55 309 103 339 460 576 332 111 657 576 452 610 576 666 634 508 183 322 492 496 488 623 622 576 292 302 395 320 188 106 46 48 76 137 246 94 45 4 62 0 0 0 0 0 0 0 0 0 0 0 0 0 0 0 0 0 0 0 0 0 0 0 0 0 0 0 0 0 0 0 0 0 0 0 0 0 0 0 0 0 0 0
104 143 950 186 125 111 162 83 1 0 0 50 85 137 84 56 648 621 576 106 479 324 500 454 312 509 474 295 183 183 593 474 450 576 424 311 599 518 461 326 175 166 135 76 36 52 76 153 85 18 0 0 0 3 1 1 0 0 0 0 0 0 0 0 0 0 0 0 0 0 0 0 0 0 0 0 0 0 0 0 0 0 0 0 0 0 0 0 0 0 0 0 0 0 0 0
315 111 0 71 185 423 33 0 0 0 0 80 77 118 271 190 111 303 79 79 167 427 576 583 576 280 339 470 453 556 429 180 180 180 389 195 211 271 182 155 137 91 67 65 75 22 57 128 17 1 0 73 75 33 2 1 0 0 0 0 0 0 0 0 0 0 0 0 0 0 0 0 0 0 0 0 0 0 0 0 0 0 0 0 0 0 0 0 0 0 0 0 0 0 0 0
139 94 51 101 0 288 0 0 0 0 70 107 135 273 319 79 271 242 248 322 610 186 545 467 363 603 241 224 445 271 180 507 643 508 262 231 217 156 91 68 50 50 40 40 120 90 66 80 151 126 87 68 73 21 109 49 27 1 0 0 0 0 0 0 0 0 0 0 0 0 0 0 0 0 0 0 0 0 0 0 0 0 0 0 0 0 0 0 0 0 0 0 0 0 0 0
0 0 0 0 0 0 0 0 0 0 165 153 209 249 174 79 456 296 352 186 503 385 425 464 161 184 483 491 454 437 180 576 496 385 452 423 301 303 160 152 88 75 180 202 156 142 156 165 94 67 56 40 74 106 152 136 117 77 12 0 0 0 0 0 0 0 0 0 0 0 0 0 0 0 0 0 0 0 0 0 0 0 0 0 0 0 0 0 0 0 0 0 0 0 0 0
0 0 0 0 0 0 0 0 0 65 0 148 201 185 79 184 402 86 87 284 110 607 501 354 87 364 184 184 330 315 694 301 251 281 370 405 305 182 132 143 181 286 346 305 271 175 152 140 105 68 52 142 153 153 161 164 116 87 24 0 0 0 0 0 0 0 0 0 0 0 0 0 0 0 0 0 0 0 0 0 0 0 0 0 0 0 0 0 0 0 0 0 0 0 0 0
0 0 0 0 0 0 0 0 1 0 133 146 300 144 79 423 305 46 0 63 501 398 622 616 67 295 184 424 132 132 132 167 111 86 179 195 154 117 241 423 302 278 303 312 187 143 140 269 289 195 89 160 151 82 142 79 37 15 0 0 0 0 0 0 0 0 0 0 0 0 0 0 0 0 0 0 0 0 0 0 0 0 0 0 0 0 0 0 0 0 0 0 0 0 0 0
0 0 0 0 0 0 0 0 0 0 17 224 119 79 271 412 232 0 95 427 186 590 212 78 67 593 221 193 275 167 151 162 108 78 57 63 90 195 436 576 461 567 288 167 141 128 128 118 152 90 44 3 1 0 0 1 0 0 0 0 0 0 0 0 0 0 0 0 0 0 0 0 0 0 0 0 0 0 0 0 0 0 0 0 0 0 0 0 0 0 0 0 0 0 0 0
0 0 0 0 0 0 0 110 0 1 54 129 104 257 316 294 83 41 60 339 54 487 81 339 575 236 362 118 82 76 74 56 54 50 52 39 57 154 186 212 218 93 89 153 169 149 149 142 94 76 59 1 0 0 0 0 0 0 0 0 0 0 0 0 0 0 0 0 0 0 0 0 0 0 0 0 0 0 0 0 0 0 0 0 0 0 0 0 0 0 0 0 0 0 0 0
0 0 0 0 0 0 0 135 0 0 153 153 100 277 206 0 60 289 246 322 288 147 276 525 454 66 353 332 126 78 63 58 65 66 60 54 28 15 1 1 66 76 88 155 259 155 149 134 103 88 9 0 0 0 0 0 0 0 0 0 0 0 0 0 0 0 0 0 0 0 0 0 0 0 0 0 0 0 0 0 0 0 0 0 0 0 0 0 0 0 0 0 0 0 0 0
0 0 0 0 0 0 144 119 0 0 42 72 73 117 100 0 300 335 423 152 426 0 374 423 309 66 67 152 167 145 100 162 154 307 339 310 85 55 15 1 28 24 72 139 156 152 155 155 121 53 0 0 0 0 0 0 0 0 0 0 0 0 0 0 0 0 0 0 0 0 0 0 0 0 0 0 0 0 0 0 0 0 0 0 0 0 0 0 0 0 0 0 0 0 0 0
0 0 0 0 115 161 89 0 0 134 89 64 99 141 0 288 75 420 339 152 75 105 137 182 326 66 66 66 69 70 75 126 148 290 308 307 192 81 51 1 0 5 1 44 50 76 77 122 37 0 0 0 0 0 0 0 0 0 0 0 0 0 0 0 0 0 0 0 0 0 0 0 0 0 0 0 0 0 0 0 0 0 0 0 0 0 0 0 0 0 0 0 0 0 0 0
0 0 0 11 313 176 0 0 0 0 176 133 29 32 84 59 259 193 402 87 309 60 27 209 66 66 82 76 79 70 423 448 380 292 293 296 254 72 64 9 1 1 0 0 0 2 1 0 0 0 0 0 0 0 0 6 42 116 16 0 0 0 0 0 0 0 0 0 0 0 0 0 0 0 0 0 0 0 0 0 0 0 0 0 0 0 0 0 0 0 0 0 0 0 0 0
0 0 0 61 132 53 0 0 1 140 277 111 0 0 153 59 162 186 186 129 148 0 14 0 44 165 74 207 198 162 183 300 302 363 300 244 146 63 77 73 51 45 81 33 3 0 0 0 0 0 0 0 0 0 0 49 67 46 39 6 17 0 0 0 0 0 0 0 0 0 0 0 0 0 0 0 0 0 0 0 0 0 0 0 0 0 0 0 0 0 0 0 0 0 0 0
0 0 0 0 28 0 0 0 0 308 265 88 0 0 101 351 229 0 303 314 17 0 1 0 0 66 54 336 241 195 80 155 153 91 74 75 84 132 158 161 153 107 138 122 94 76 33 2 1 10 1 0 0 21 62 84 69 56 95 101 121 77 0 0 0 0 0 0 0 0 0 0 0 0 0 0 0 0 0 0 0 0 0 0 0 0 0 0 0 0 0 0 0 0 0 0
0 0 383 271 15 0 0 0 0 139 317 267 80 0 151 0 152 0 0 246 0 113 288 273 177 112 76 51 55 56 64 70 76 76 77 80 156 155 163 156 152 156 156 151 99 119 112 135 186 160 80 64 124 120 107 156 132 167 272 305 305 318 186 153 162 177 67 0 0 0 0 0 0 0 0 0 0 0 0 0 0 0 0 0 0 0 0 0 0 0 0 0 0 0 0 0
37 0 305 103 0 0 0 0 0 237 285 119 64 0 17 41 80 59 0 0 0 143 318 387 227 78 70 58 55 56 61 65 71 76 76 79 122 156 162 154 152 152 152 152 199 228 231 262 305 170 120 127 182 163 160 242 339 258 447 309 274 272 205 198 146 135 84 9 0 0 0 0 0 0 0 0 0 0 0 0 0 0 0 0 0 0 0 0 0 0 0 0 0 0 0 0
71 0 238 15 0 0 0 0 29 179 146 18 187 135 0 0 0 76 30 0 0 113 430 477 278 167 79 66 66 66 63 64 68 67 68 70 88 164 155 155 154 153 244 219 273 317 423 457 256 156 156 168 229 256 293 319 447 448 444 314 311 214 158 149 140 76 68 179 70 0 0 0 0 0 0 0 0 0 0 0 0 0 0 0 0 0 0 0 0 0 0 0 0 0 0 0
71 0 238 15 0 0 0 0 29 179 146 18 187 135 0 0 0 76 30 0 0 113 430 477 278 167 79 66 66 66 63 64 68 67 68 70 88 164 155 155 154 153 244 219 273 317 423 457 256 156 156 168 229 256 293 319 447 448 444 314 311 214 158 149 140 76 68 179 70 0 0 0 0 0 0 0 0 0 0 0 0 0 0 0 0 0 0 0 0 0 0 0 0 0 0 0
149 0 0 0 0 0 0 0 0 41 1 102 258 193 0 0 1 82 76 0 0 48 328 363 257 63 144 170 117 79 76 76 155 148 67 70 76 116 153 165 267 309 305 280 322 459 446 297 251 222 191 274 292 305 306 305 316 339 455 318 273 263 214 150 77 64 76 108 138 0 0 0 0 0 0 0 0 0 0 0 0 0 0 0 0 0 0 0 0 0 0 0 0 0 0 0
212 271 0 0 0 0 0 0 0 0 109 141 115 45 0 0 0 0 36 0 47 0 306 281 99 79 150 152 158 161 150 111 153 170 154 122 73 100 170 174 266 276 280 304 306 371 316 273 305 277 250 412 336 298 308 305 282 305 314 281 256 229 140 117 75 81 37 12 9 1 0 0 0 0 0 0 0 0 0 0 0 0 0 0 0 0 0 0 0 0 0 0 0 0 0 0
291 122 0 0 0 0 0 0 0 152 156 33 0 0 168 277 0 0 0 0 0 27 152 86 53 80 98 140 183 201 254 318 310 269 192 165 147 157 107 158 185 184 217 266 305 291 279 294 305 322 447 457 488 456 218 307 231 159 207 162 159 152 108 76 80 40 42 78 75 43 7 0 0 0 0 0 0 0 0 0 0 0 0 0 0 0 0 0 0 0 0 0 0 0 0 0
133 19 0 0 0 0 1 0 42 253 142 0 0 150 385 388 57 0 0 0 0 0 78 77 28 67 69 119 152 176 242 283 284 245 191 198 208 192 132 152 177 193 204 286 300 314 461 250 272 212 327 320 576 389 288 317 216 162 155 152 147 145 76 56 56 25 50 77 79 76 85 0 0 0 0 0 0 0 0 0 0 0 0 0 0 0 0 0 0 0 0 0 0 0 0 0
0 0 0 0 0 0 0 0 143 305 93 0 0 322 243 487 335 0 0 0 0 0 0 0 4 39 49 68 96 147 176 175 206 246 279 305 284 306 173 157 277 246 198 303 295 283 357 287 268 266 237 220 201 169 225 154 164 144 160 152 123 76 48 55 61 64 70 76 78 97 152 35 1 0 0 0 0 0 0 0 0 0 0 0 0 0 0 0 0 0 0 0 0 0 0 0
0 0 0 0 0 0 0 0 151 264 65 0 0 129 127 387 63 0 0 0 0 0 0 0 0 25 37 54 69 76 143 197 225 291 309 312 402 277 200 234 305 351 291 268 306 288 266 339 298 562 423 223 416 378 144 160 140 145 119 149 87 56 90 139 152 127 152 48 63 138 125 122 6 2 1 0 0 0 0 0 0 0 0 0 0 0 0 0 0 0 0 0 0 0 0 0
0 0 0 0 0 0 0 0 163 316 158 0 0 0 117 315 129 10 0 0 0 0 0 0 0 63 76 82 73 107 184 305 315 308 305 306 396 310 241 310 305 305 264 335 490 292 304 619 430 576 423 427 363 192 307 150 185 200 107 109 99 109 148 155 151 232 94 131 51 60 62 154 60 12 2 0 0 0 0 0 0 0 0 0 0 0 0 0 0 0 0 0 0 0 0 0
0 0 0 0 0 0 0 0 200 302 140 0 0 0 76 326 135 0 0 0 0 0 0 0 0 20 73 87 115 152 153 263 252 253 286 290 306 299 299 304 297 254 346 462 464 290 423 590 507 504 345 249 288 272 169 167 157 143 105 124 100 100 115 147 152 312 423 295 238 93 69 207 150 56 32 1 0 0 0 0 0 0 0 0 0 0 0 0 0 0 0 0 0 0 0 0
0 0 0 0 0 0 0 0 155 271 53 0 0 0 180 159 329 0 0 0 0 0 0 0 0 0 48 76 73 87 136 150 164 247 304 306 437 307 305 290 293 279 331 454 423 416 459 594 415 330 339 447 321 266 305 188 157 157 156 122 141 155 147 146 165 449 491 305 323 153 74 167 150 82 70 11 0 0 0 0 0 0 0 0 0 0 0 0 0 0 0 0 0 0 0 0
0 0 0 0 0 0 0 0 102 151 0 0 0 0 80 135 170 119 0 0 0 0 0 0 0 5 44 66 151 130 126 152 165 251 288 322 444 317 304 324 409 316 322 460 391 377 501 576 471 405 418 309 292 305 299 216 165 127 112 173 163 161 263 195 288 411 643 525 456 196 105 150 77 96 86 42 0 0 0 0 0 0 0 0 0 0 0 0 0 0 0 0 0 0 0 0
0 0 0 0 0 0 0 0 32 0 0 0 0 0 0 0 0 0 0 0 0 0 0 0 43 43 95 130 146 166 221 172 222 301 304 306 444 365 306 439 454 440 339 408 428 467 578 612 457 423 289 318 326 305 288 174 150 159 288 212 152 203 256 277 457 465 457 405 289 160 146 125 62 55 67 57 0 0 0 0 0 0 0 0 0 0 0 0 0 0 0 0 0 0 0 0
0 0 0 0 0 0 211 190 77 158 0 0 0 0 0 0 0 0 0 0 0 0 0 82 155 50 80 169 269 302 305 221 203 285 305 287 282 253 366 440 535 443 339 292 328 463 610 313 434 462 305 310 317 253 190 164 211 256 166 277 179 277 290 315 452 306 431 473 330 152 137 93 154 146 61 10 0 0 0 0 0 0 0 0 0 0 0 0 0 0 0 0 0 0 0 0
0 0 0 0 0 0 273 130 96 152 34 0 0 0 0 0 0 0 0 0 0 0 0 89 131 76 152 213 315 367 294 320 308 359 448 354 268 152 227 341 449 403 375 380 284 378 426 452 460 422 306 306 294 312 220 246 270 307 274 249 288 306 339 446 413 299 319 275 238 155 157 153 164 152 150 24 0 0 0 0 0 0 0 0 0 0 0 0 0 0 0 0 0 0 0 0
0 0 0 0 0 0 302 153 58 36 0 0 0 0 0 0 0 0 0 0 0 0 102 152 149 73 152 274 261 299 422 457 438 339 465 457 336 343 148 242 431 485 446 360 172 145 146 525 422 298 305 305 306 283 328 333 305 305 315 306 475 419 325 330 322 304 244 151 170 131 143 175 145 113 66 7 1 0 0 0 0 0 0 0 0 0 0 0 0 0 0 0 0 0 0 0
0 0 0 0 0 0 140 69 0 0 0 0 0 0 0 0 0 0 0 0 0 0 100 149 53 201 137 300 285 297 404 364 454 459 457 457 429 423 303 146 332 481 466 407 181 118 237 396 372 272 306 305 305 307 437 456 312 354 307 491 462 478 343 276 264 292 305 205 143 212 151 105 87 49 51 13 0 0 0 0 0 0 0 0 0 0 0 0 0 0 0 0 0 0 0 0
0 0 0 0 0 0 0 0 0 0 0 0 0 0 0 0 0 0 0 0 0 34 161 158 141 231 304 326 305 271 260 250 361 250 304 305 298 169 144 68 118 202 230 306 197 114 97 260 243 203 187 305 325 257 449 304 177 157 421 244 304 317 254 292 306 206 168 263 304 277 190 152 153 116 76 39 1 0 0 0 0 0 0 0 0 0 0 0 0 0 0 0 0 0 0 0
218 212 0 0 0 0 0 0 0 0 0 0 0 0 0 0 0 0 0 0 0 152 132 116 206 470 373 423 284 275 440 195 156 198 305 305 257 140 146 144 95 154 181 216 123 76 121 151 176 197 311 165 281 294 401 171 171 295 427 280 244 234 257 176 275 307 155 303 279 189 164 138 106 100 81 36 3 0 0 0 0 0 0 0 0 0 0 0 0 0 0 0 0 0 0 0
202 273 0 0 0 0 0 0 0 0 0 0 0 0 0 0 0 0 0 0 83 150 155 156 312 305 276 477 406 382 359 176 151 170 289 305 206 290 172 139 52 131 167 81 76 65 84 158 154 218 366 284 114 205 305 128 214 282 448 305 282 206 152 141 167 225 154 185 186 157 143 119 75 62 59 26 1 0 0 0 0 0 0 0 0 0 0 0 0 0 0 0 0 0 0 0
202 273 0 0 0 0 0 0 0 0 0 0 0 0 0 0 0 0 0 0 83 150 155 156 312 305 276 477 406 382 359 176 151 170 289 305 206 290 172 139 52 131 167 81 76 65 84 158 154 218 366 284 114 205 305 128 214 282 448 305 282 206 152 141 167 225 154 185 186 157 143 119 75 62 59 26 1 0 0 0 0 0 0 0 0 0 0 0 0 0 0 0 0 0 0 0
294 136 0 0 0 0 0 0 0 0 0 0 0 0 0 0 0 0 0 16 47 141 152 156 243 231 216 484 423 288 491 234 153 140 246 310 272 274 185 78 151 60 56 112 123 56 62 138 151 181 246 147 157 148 227 133 172 245 390 410 325 305 188 184 149 117 167 152 152 172 153 115 79 77 80 28 9 0 0 0 0 0 0 0 0 0 0 0 0 0 0 0 0 0 0 0
272 59 0 0 0 0 0 0 0 0 0 0 0 0 0 0 0 0 0 25 179 184 161 141 166 177 138 90 313 278 372 284 209 76 153 212 225 205 257 226 97 61 27 46 159 47 54 87 164 146 161 146 135 76 72 178 152 175 345 313 293 306 245 204 152 118 171 155 154 233 161 128 84 64 56 75 22 1 0 0 0 0 0 0 0 0 0 0 0 0 0 0 0 0 0 0
291 42 343 0 0 0 0 0 0 0 0 0 0 0 0 0 0 0 0 159 271 177 165 156 146 86 63 310 271 339 255 271 148 144 70 113 163 149 153 137 96 150 17 4 18 78 76 77 59 74 76 40 40 44 79 71 93 117 195 225 168 234 280 290 233 169 119 153 152 163 128 120 83 86 85 77 83 33 1 0 0 0 0 0 0 0 0 0 0 0 0 0 0 0 0 0
306 327 238 0 0 0 0 0 0 0 0 0 0 0 0 0 27 40 0 196 182 147 158 154 153 78 69 141 116 77 471 310 205 152 82 75 80 74 108 89 99 145 54 1 4 20 24 34 22 36 21 7 13 29 46 78 85 79 125 150 155 164 187 201 181 135 75 141 145 136 119 91 58 85 88 68 41 12 1 0 0 0 0 0 0 0 0 0 0 0 0 0 0 0 0 0
306 302 193 58 0 0 0 0 0 0 0 0 0 0 0 0 56 34 0 121 161 110 152 152 132 81 72 24 39 94 423 150 152 166 156 72 39 79 49 61 249 260 101 0 0 0 0 0 0 0 0 1 4 21 41 64 66 71 117 182 149 135 151 143 135 153 165 99 83 59 74 80 101 69 27 22 15 21 1 1 0 0 0 0 0 0 0 0 0 0 0 0 0 0 0 0
187 152 156 210 1 0 0 0 0 0 0 0 0 0 0 0 60 75 0 0 147 74 155 125 102 87 46 16 4 84 149 126 74 188 151 72 30 61 64 70 152 126 306 0 0 0 0 0 1 1 1 8 10 22 37 52 75 101 254 235 162 260 344 268 300 303 210 129 153 144 72 160 158 70 146 31 94 38 3 0 0 0 0 0 0 0 0 0 0 0 0 0 0 0 0 0
137 171 215 192 103 0 0 0 0 0 0 0 0 0 0 0 21 123 101 19 38 46 77 83 81 73 31 11 1 0 172 151 131 154 139 61 91 134 76 76 138 71 52 0 0 0 0 0 0 3 9 27 28 28 42 55 94 140 338 453 288 407 369 261 304 348 272 281 303 218 167 104 114 173 159 60 82 35 59 0 0 0 0 0 0 0 0 0 0 0 0 0 0 0 0 0
242 275 305 308 202 50 0 0 0 0 0 0 0 0 0 0 0 106 180 61 11 4 24 67 80 76 40 6 0 0 110 119 0 79 77 12 129 153 11 10 0 0 0 0 0 0 1 5 8 11 18 34 37 60 63 60 107 174 386 464 297 438 445 309 441 429 364 321 314 234 160 153 172 177 166 77 51 73 120 10 0 0 0 0 0 0 0 0 0 0 0 0 0 0 0 0
154 209 264 298 108 76 0 90 0 0 0 0 0 0 0 0 0 7 84 76 0 0 0 0 84 77 76 40 1 0 0 0 0 60 9 1 97 120 1 0 0 0 0 0 0 0 4 18 28 38 38 52 65 76 80 147 76 152 354 457 527 307 463 435 497 453 458 395 352 322 217 242 152 161 166 144 55 76 153 74 4 0 0 0 0 0 0 0 0 0 0 0 0 0 0 0
203 262 166 150 188 78 112 0 0 0 0 0 0 0 0 0 0 0 0 44 0 0 0 0 0 49 65 66 7 1 0 0 0 11 0 13 76 38 0 0 0 0 0 0 0 1 22 59 68 69 100 131 128 76 156 140 119 133 203 433 490 303 462 495 610 488 460 464 457 452 305 297 160 152 150 115 64 82 152 111 73 0 0 0 0 0 0 0 0 0 0 0 0 0 0 0
192 153 112 134 232 218 90 10 0 0 0 0 0 0 0 0 0 0 0 1 0 0 0 0 0 0 7 65 44 12 0 0 0 0 0 0 0 0 0 0 0 0 0 0 0 6 43 67 77 148 271 204 143 152 152 118 153 98 155 312 485 453 446 555 591 453 457 401 412 339 287 299 229 152 159 76 68 122 154 96 82 0 0 0 0 0 0 0 0 0 0 0 0 0 0 0
145 79 76 161 202 55 13 0 0 0 0 0 0 0 0 0 0 0 0 0 23 0 0 0 0 0 0 78 53 12 0 0 0 0 0 0 0 0 0 0 0 0 0 0 0 32 68 151 173 230 303 339 258 227 241 166 162 153 155 246 633 602 584 609 596 501 426 416 417 282 213 152 198 157 163 65 85 152 152 92 79 4 0 0 0 0 0 0 0 0 0 0 0 0 0 0
76 89 119 98 47 0 0 0 0 0 0 0 0 0 0 0 0 0 0 0 82 0 0 0 0 0 0 0 8 3 0 0 0 0 0 0 0 0 0 0 0 0 0 0 75 65 102 108 101 227 462 592 394 305 293 178 157 172 110 192 484 669 599 594 491 559 580 615 467 390 314 181 152 153 74 127 152 134 139 97 85 71 1 0 0 0 0 0 0 0 0 0 0 0 0 0
118 150 205 168 0 0 69 51 12 19 0 0 0 0 0 0 0 0 0 0 104 0 0 0 0 0 0 0 0 0 0 0 0 0 0 0 0 0 0 0 0 0 0 1 19 53 37 143 129 102 531 471 576 298 285 171 139 149 129 152 207 583 628 619 491 423 374 463 477 452 284 227 150 132 76 158 127 77 98 75 69 48 1 0 0 0 0 0 0 0 0 0 0 0 0 0
137 163 323 63 0 131 99 91 40 27 0 0 0 0 0 0 0 0 0 0 0 0 0 0 0 0 0 0 0 0 0 0 0 0 0 0 0 0 0 0 0 0 0 29 90 100 106 76 432 67 500 500 202 291 251 131 168 159 153 125 156 360 610 607 600 544 423 308 338 416 311 252 157 121 159 146 89 76 76 30 37 17 0 1 0 0 0 0 0 0 0 0 0 0 0 0
135 207 74 25 111 95 10 17 0 22 24 0 0 0 0 0 0 0 0 0 0 0 0 0 0 0 0 0 0 0 0 0 0 0 0 0 0 0 0 0 0 0 0 102 152 156 320 132 545 286 290 288 629 278 199 511 230 304 243 182 152 151 277 454 440 467 390 296 302 205 197 158 107 96 77 79 70 73 48 22 16 23 26 99 101 156 107 58 36 0 0 0 0 0 0 0
