utils/dem_new.bin
ncols        256
nrows        256
xllcorner    -12.000000000000
yllcorner    50.000000000000
dx           0.060546875000
dy           0.035156250000
[rows 126 to 188 of 256, columns 0 to 95 of 256]
0 0 0 0 0 0 0 0 0 0 0 0 0 0 0 0 0 0 0 0 0 0 0 0 0 0 0 0 0 0 0 0 0 0 0 0 0 0 0 0 0 0 0 0 0 0 0 0 0 0 0 0 0 0 0 0 0 0 0 0 0 1 84 445 448 290 283 90 68 68 67 378 152 215 208 114 116 115 117 146 160 171 252 140 84 76 76 65 60 58 58 58 58 57 61 76
0 0 0 0 0 0 0 0 0 0 0 0 0 0 0 0 0 0 0 0 0 0 0 0 0 0 0 0 0 0 0 0 0 0 0 0 0 0 0 0 0 0 0 0 0 0 0 0 0 0 0 0 0 0 0 0 0 0 0 0 0 1 75 55 110 87 68 68 68 68 68 112 234 429 370 205 139 143 156 152 189 218 165 328 84 77 76 70 58 57 57 58 58 61 58 67
0 0 0 0 0 0 0 0 0 0 0 0 0 0 0 0 0 0 0 0 0 0 0 0 0 0 0 0 0 0 0 0 0 0 0 0 0 0 0 0 0 0 0 0 0 0 0 0 0 0 0 0 0 0 0 0 0 0 0 0 0 1 75 55 110 87 68 68 68 68 68 112 234 429 370 205 139 143 156 152 189 218 165 328 84 77 76 70 58 57 57 58 58 61 58 67
0 0 0 0 0 0 0 0 0 0 0 0 0 0 0 0 0 0 0 0 0 0 0 0 0 0 0 0 0 0 0 0 0 0 0 0 0 0 0 0 0 0 0 0 0 0 0 0 0 0 0 0 0 0 0 0 0 0 1 1 1 6 75 73 76 86 108 125 68 68 65 92 185 251 346 151 152 152 152 152 161 76 128 234 79 85 88 69 59 59 59 67 85 84 58 75
0 0 0 0 0 0 0 0 0 0 0 0 0 0 0 0 0 0 0 0 0 0 0 0 0 0 0 0 0 0 0 0 0 0 0 0 0 0 0 0 0 0 0 0 0 0 0 0 0 0 0 0 0 0 0 0 0 0 1 1 28 188 88 49 68 173 185 129 76 76 68 145 79 329 192 148 157 155 119 74 69 152 110 134 105 65 110 61 61 61 64 73 114 100 69 82
0 0 0 0 0 0 0 0 0 0 0 0 0 0 0 0 0 0 0 0 0 0 0 0 0 0 0 0 0 0 0 0 0 0 0 0 0 0 0 0 0 0 0 0 0 0 0 0 0 0 0 0 0 0 0 1 1 126 293 340 317 143 303 188 166 76 164 272 135 73 79 68 139 176 115 145 187 193 203 269 238 132 210 33 101 83 100 73 68 84 82 68 67 76 77 99
0 0 0 0 0 0 0 0 0 0 0 0 0 0 0 0 0 0 0 0 0 0 0 0 0 0 0 0 0 0 0 0 0 0 0 55 117 1 0 0 0 0 0 0 0 0 0 0 0 0 0 0 0 0 0 0 0 8 20 192 91 152 107 289 421 222 77 210 220 280 69 66 60 146 81 74 126 122 181 304 222 152 160 59 64 126 76 74 94 136 83 76 78 77 84 74
0 0 0 0 0 0 0 0 0 0 0 0 0 0 0 0 0 0 0 0 0 0 0 0 0 0 0 0 0 0 0 0 10 0 0 0 45 40 70 84 122 147 133 28 129 0 0 0 0 1 0 0 0 0 0 0 0 1 29 165 283 169 63 126 126 214 73 73 86 93 72 82 67 62 72 60 144 149 288 151 326 110 122 71 65 76 77 75 136 159 74 82 82 76 141 122
0 0 0 0 0 0 0 0 0 0 0 0 0 0 0 0 0 0 0 0 0 0 0 0 0 0 0 0 0 0 0 0 78 1 0 152 134 33 91 77 301 303 152 141 97 1 0 0 2 31 9 1 6 10 8 0 111 17 16 24 49 100 127 250 258 273 115 205 151 113 76 69 68 69 67 195 131 130 118 91 129 82 71 68 68 128 134 137 158 196 86 110 112 76 76 151
0 0 0 0 0 0 0 0 0 0 0 0 0 0 0 0 0 0 0 0 0 0 0 0 0 0 0 0 0 0 0 0 11 1 0 76 148 53 88 138 153 150 152 78 52 2 0 0 14 65 72 78 96 121 48 13 0 76 63 98 46 59 94 302 333 232 113 248 316 315 181 72 81 68 108 93 130 139 78 75 74 74 77 108 73 152 152 149 354 295 151 150 129 70 76 91
0 0 0 0 0 0 0 0 0 0 0 0 0 0 0 0 0 0 0 0 0 0 0 0 0 0 0 0 0 0 0 0 1 0 73 146 74 61 320 152 108 140 145 64 44 13 1 0 33 80 99 166 340 486 292 147 111 57 61 72 76 92 105 101 207 64 188 151 525 390 129 80 96 71 78 79 76 72 72 73 73 149 152 154 124 152 152 187 301 242 152 154 81 64 76 179
0 0 0 0 0 0 0 0 0 0 0 0 0 0 0 0 0 0 0 0 0 0 0 0 0 0 0 0 0 0 0 1 0 0 42 70 65 151 151 122 83 101 84 58 46 24 1 3 45 94 128 203 451 340 153 79 72 71 66 76 116 259 269 64 58 58 330 262 397 236 76 255 168 71 68 68 155 98 75 108 85 152 148 147 152 150 150 151 167 158 153 152 306 51 117 297
0 0 0 0 0 0 0 0 0 0 0 0 0 0 0 0 0 0 0 0 0 0 0 0 0 0 0 0 0 0 0 1 0 0 17 64 63 124 121 75 76 79 77 60 37 27 6 9 36 100 227 201 335 237 100 78 73 76 81 73 118 268 246 260 58 58 368 325 272 152 87 178 150 71 69 82 143 86 111 112 77 111 121 127 136 147 143 137 152 152 141 408 121 78 112 237
0 0 0 0 0 0 0 0 0 0 0 0 0 0 0 0 0 0 0 0 0 0 0 0 0 0 0 0 0 0 0 2 0 2 0 36 55 145 267 78 76 73 65 48 24 27 8 19 35 187 282 122 97 67 124 75 75 75 77 76 115 90 290 130 109 90 448 190 128 77 75 71 74 79 70 97 129 76 94 77 77 91 120 152 152 152 152 131 151 139 117 159 86 321 0 96
0 0 0 0 0 0 0 0 0 0 0 0 0 0 0 0 0 0 0 0 0 0 0 0 0 0 0 0 0 0 0 0 0 0 0 51 55 188 518 104 77 77 66 28 24 24 16 20 58 320 181 76 64 77 129 76 75 73 136 184 49 78 54 133 75 88 151 88 81 76 76 74 76 91 76 71 79 76 74 76 75 94 155 152 156 152 154 156 133 85 76 82 80 244 249 0
0 0 0 0 0 0 0 0 0 0 0 0 0 0 0 0 0 0 0 0 0 0 0 0 0 0 0 0 0 0 0 0 0 0 5 83 91 126 142 152 153 158 188 188 21 24 53 10 116 232 81 56 66 75 94 82 78 75 99 152 68 73 76 71 75 72 69 51 76 76 76 76 76 113 95 79 78 95 81 111 127 114 107 132 152 152 152 106 81 79 47 18 26 35 204 111
0 0 0 0 0 0 0 0 0 0 0 0 0 0 0 0 0 0 0 0 0 0 0 0 0 0 0 0 0 282 194 125 78 1 0 34 105 73 298 124 276 391 139 259 58 24 46 18 84 124 55 57 72 70 83 91 92 81 93 152 167 74 72 71 75 78 63 60 75 76 76 81 75 80 131 83 91 158 114 151 166 153 145 150 152 155 116 74 76 61 45 8 1 0 40 45
0 0 0 0 0 0 0 0 0 0 0 0 0 0 0 0 0 0 0 0 0 0 0 0 0 0 0 0 0 0 0 0 60 77 62 65 0 266 106 80 134 76 46 341 141 49 25 32 25 39 76 117 151 145 162 152 142 69 70 76 70 75 77 76 71 68 143 76 92 73 151 73 76 157 76 76 138 151 151 152 171 152 154 196 158 76 60 67 51 39 26 7 1 0 0 0
0 0 0 0 0 0 0 0 0 0 0 0 0 0 0 0 0 0 0 0 0 0 0 0 0 0 0 0 0 0 0 0 0 142 319 210 1 0 0 0 23 49 77 152 87 39 42 61 62 31 82 135 149 131 114 69 65 78 77 76 70 75 76 76 72 68 112 89 70 74 75 109 76 101 79 84 129 151 182 152 153 136 211 218 152 72 76 71 70 44 18 5 1 0 0 0
0 0 0 0 0 0 0 0 0 0 0 0 0 0 0 0 0 0 0 0 0 0 0 0 0 0 0 0 0 0 0 0 0 0 0 0 0 0 0 0 29 57 68 76 49 40 62 79 165 35 70 71 81 82 54 65 77 78 75 75 76 76 76 73 72 68 73 82 68 69 76 144 76 69 106 97 103 139 110 153 145 149 167 269 150 75 98 79 55 41 18 5 1 15 1 0
0 0 0 0 0 0 0 0 0 0 0 0 0 0 0 0 0 0 0 0 0 0 0 0 0 0 0 0 0 0 0 0 0 0 0 0 0 0 0 2 49 60 58 69 50 43 71 70 113 46 76 45 134 98 52 63 73 76 75 77 115 77 75 76 71 68 71 70 68 73 129 153 91 89 143 101 78 76 76 139 142 126 152 114 154 76 76 76 61 59 124 58 44 58 0 0
0 0 0 0 0 0 0 0 0 0 0 0 0 0 0 0 0 0 0 0 0 0 0 0 0 0 0 0 0 0 0 0 0 0 0 0 0 0 0 2 49 60 58 69 50 43 71 70 113 46 76 45 134 98 52 63 73 76 75 77 115 77 75 76 71 68 71 70 68 73 129 153 91 89 143 101 78 76 76 139 142 126 152 114 154 76 76 76 61 59 124 58 44 58 0 0
0 0 0 0 0 0 0 0 0 0 0 0 0 0 0 0 0 0 0 0 0 0 0 0 0 0 0 0 0 0 0 0 111 0 0 0 0 0 0 0 91 88 68 75 55 46 77 118 97 79 78 62 46 48 71 73 72 76 76 95 124 78 74 75 76 77 72 66 75 76 149 78 84 131 129 80 73 73 87 114 138 119 135 103 95 79 77 66 86 141 146 86 115 76 1 0
0 0 0 0 0 0 0 0 0 0 0 0 0 0 0 0 0 0 0 0 0 0 0 0 0 0 0 0 0 0 0 0 0 0 1 3 31 76 497 152 76 68 76 66 59 49 52 66 106 77 80 76 76 73 111 81 74 75 76 83 101 76 74 71 70 73 68 66 73 73 70 74 75 89 103 72 67 154 102 113 131 148 90 89 68 69 72 76 129 152 150 116 150 58 1 0
0 0 0 0 0 0 0 0 0 0 0 0 0 0 0 0 0 0 0 0 0 0 0 0 0 0 0 0 0 0 0 0 0 0 127 111 76 240 171 74 77 55 188 109 53 49 54 57 63 70 73 83 69 73 109 76 75 76 73 76 76 76 76 75 90 64 68 74 75 76 87 76 76 86 73 72 76 114 152 153 152 124 127 88 73 60 56 69 73 55 31 74 42 1 1 0
0 0 0 0 0 0 0 0 0 0 0 0 0 0 0 0 0 0 0 0 0 0 0 0 0 0 0 0 0 0 0 0 0 0 21 286 174 427 309 111 215 318 223 59 59 48 51 55 71 99 80 75 76 79 89 79 76 76 77 72 77 76 76 75 69 62 83 85 77 76 161 87 76 76 71 71 74 100 143 137 139 113 105 88 77 74 64 44 75 87 43 46 27 35 15 0
0 0 0 0 0 0 0 0 0 0 0 0 0 0 0 0 0 0 0 0 0 0 0 0 0 0 0 0 0 18 0 0 0 0 0 497 179 427 74 345 492 272 123 59 59 45 53 57 79 137 74 53 74 75 78 77 76 76 77 76 71 76 73 71 70 62 107 96 77 75 96 86 73 70 75 77 82 90 117 128 129 108 105 86 79 77 76 48 73 68 52 52 76 100 37 0
0 0 0 0 0 0 0 0 0 0 0 0 0 0 0 0 0 0 0 0 0 0 0 0 0 0 0 0 0 0 0 0 142 9 175 118 43 111 158 345 247 111 59 59 37 44 52 56 78 129 60 50 69 73 72 75 76 75 75 76 72 71 69 73 69 62 118 89 72 74 76 72 74 84 76 96 107 99 139 132 125 108 96 88 79 76 70 51 76 87 56 76 71 145 58 33
0 0 0 0 0 0 0 0 0 0 0 0 0 0 0 0 0 0 0 0 0 0 0 0 0 0 0 0 0 0 0 7 1 7 54 67 41 346 142 340 114 59 59 59 33 37 48 55 73 117 59 46 77 77 76 76 76 75 75 134 67 69 113 76 75 62 64 62 63 64 69 73 74 115 140 155 114 127 146 139 122 109 91 79 72 68 62 73 125 99 66 92 78 98 131 79
0 0 0 0 0 0 0 0 0 0 0 0 0 0 0 0 0 0 0 0 0 0 0 0 0 0 0 0 0 0 1 80 81 78 305 484 111 261 134 93 188 137 148 21 21 28 48 52 66 122 59 44 66 68 73 76 76 76 73 69 67 71 76 76 76 65 62 55 67 66 72 76 89 150 147 142 114 122 134 134 125 106 89 77 71 64 76 76 94 92 76 76 79 75 40 36
0 0 0 0 0 0 0 0 0 0 0 0 0 0 0 0 0 0 0 0 0 0 0 0 0 0 0 0 0 0 0 0 76 66 99 402 331 107 358 175 21 63 21 21 21 21 29 38 75 99 66 38 52 75 74 81 76 75 73 68 67 72 76 76 76 75 62 119 86 76 76 82 101 152 130 114 112 120 131 130 126 106 88 78 77 78 77 77 81 86 82 77 68 52 24 2
0 0 0 0 0 0 0 0 0 0 0 0 0 0 0 0 0 0 0 0 0 0 0 0 0 0 0 0 0 0 0 0 3 100 6 1 22 60 80 90 104 72 166 21 21 21 20 27 58 101 69 33 58 110 84 83 76 75 74 72 70 68 76 75 81 146 62 62 98 76 74 86 150 124 112 102 115 124 135 132 126 111 90 81 82 82 80 78 80 82 80 81 78 58 29 0
0 0 0 0 0 0 0 0 0 0 0 0 0 0 0 0 0 0 0 0 0 0 0 0 0 0 0 0 0 0 1 1 13 80 1 40 95 44 98 172 113 82 75 67 21 21 21 20 18 89 60 29 45 93 75 76 76 76 76 73 71 67 76 82 113 161 62 138 76 76 76 95 117 95 98 97 124 132 138 130 123 107 91 84 85 86 84 80 77 78 80 82 81 66 28 5
0 0 0 0 0 0 0 0 0 0 0 0 0 0 0 0 0 0 0 0 0 0 0 0 0 0 0 0 0 0 0 0 2 72 1 0 0 83 21 113 65 177 163 159 78 29 17 21 11 46 39 29 63 85 76 74 76 76 76 75 69 66 74 93 123 159 70 90 75 76 85 77 75 83 90 101 134 135 132 122 116 103 94 86 87 87 87 81 74 66 79 56 36 51 14 4
0 0 0 0 0 0 0 0 0 0 0 0 0 0 0 0 0 0 0 0 0 0 0 0 0 0 0 0 0 0 0 0 0 0 0 143 121 148 0 41 69 138 157 123 152 62 24 20 20 14 18 26 63 74 76 74 76 76 76 76 71 66 71 89 109 111 62 73 94 97 83 72 76 77 86 97 138 177 146 123 117 105 91 81 89 90 89 84 77 76 48 39 30 13 2 1
0 0 0 0 0 0 0 0 0 0 0 0 0 0 0 0 0 0 0 0 0 0 0 0 0 0 0 0 0 0 0 0 0 0 3 91 73 0 0 1 58 82 123 135 81 96 45 20 20 6 14 27 51 57 53 76 76 76 76 76 74 68 67 77 85 55 61 79 138 157 102 70 71 75 79 89 134 192 127 110 107 98 82 75 86 91 93 85 78 56 72 73 63 41 15 0
0 0 0 0 0 0 0 0 0 0 0 0 0 0 0 0 0 0 0 0 0 0 0 0 0 0 0 0 0 0 0 0 0 0 0 0 0 0 1 1 8 48 55 44 54 41 28 7 0 0 4 13 23 31 43 58 73 76 76 76 76 76 72 67 64 55 56 60 62 68 66 73 74 73 73 74 78 86 84 80 78 79 72 76 97 102 101 88 100 136 212 286 237 188 185 86
0 0 0 0 0 0 0 0 0 0 0 0 0 0 0 0 0 0 0 0 0 0 0 0 0 0 0 0 0 0 0 0 0 0 0 0 0 0 0 0 1 1 0 0 0 0 0 0 0 0 1 7 21 29 46 57 76 76 76 75 76 76 76 76 69 56 56 70 67 64 67 76 78 79 89 89 87 85 85 81 77 76 76 126 149 112 102 95 135 152 311 297 406 331 421 153
0 0 0 0 0 0 0 0 0 0 0 0 0 0 0 0 0 0 0 0 0 0 0 0 0 0 0 0 0 0 0 0 0 0 0 0 0 0 0 0 0 0 0 0 0 0 0 0 0 0 1 11 28 58 141 76 105 77 76 76 83 88 76 68 60 55 150 80 68 67 71 77 83 94 117 116 101 90 88 80 76 76 93 157 153 106 105 106 152 203 273 319 474 475 354 158
0 0 0 0 0 0 0 0 0 0 0 0 0 0 0 0 0 0 0 0 0 0 0 0 0 0 0 0 0 0 0 0 0 0 0 0 0 0 0 0 0 0 0 0 0 0 0 0 1 1 2 18 28 49 64 97 152 73 74 75 94 117 71 55 59 56 80 72 71 73 78 82 105 112 130 135 107 96 88 80 76 74 86 119 141 126 111 116 141 235 294 310 345 521 439 153
0 0 0 0 0 0 0 0 0 0 0 0 0 0 0 0 0 0 0 0 0 0 0 0 0 0 0 0 0 0 0 0 0 0 0 0 0 0 0 0 0 0 0 0 0 0 0 0 1 1 2 18 28 49 64 97 152 73 74 75 94 117 71 55 59 56 80 72 71 73 78 82 105 112 130 135 107 96 88 80 76 74 86 119 141 126 111 116 141 235 294 310 345 521 439 153
0 0 0 0 0 0 0 0 0 0 0 0 0 0 0 0 0 0 0 0 0 0 0 0 0 0 0 0 0 0 0 0 0 0 0 0 0 54 1 0 0 0 0 0 0 188 0 14 66 34 15 26 31 44 138 213 191 134 71 69 88 147 62 61 75 63 62 69 72 74 89 137 241 210 153 153 118 99 102 95 81 78 77 91 129 157 129 120 145 173 258 426 453 479 455 257
0 0 0 0 0 0 0 0 0 0 0 0 0 0 0 0 0 0 0 0 0 0 0 0 0 0 0 0 0 0 0 0 0 0 0 0 0 0 0 0 1 0 0 19 211 168 158 156 149 130 54 41 38 59 152 160 147 152 152 104 64 55 55 57 62 73 66 75 110 123 184 455 322 293 245 152 141 131 148 133 98 67 72 79 119 150 152 152 255 304 297 397 608 457 306 227
0 0 0 0 0 0 0 0 0 0 0 0 0 0 0 0 0 0 0 0 0 0 0 0 0 0 0 0 0 0 0 0 0 0 0 0 0 0 0 0 0 0 0 67 77 131 129 136 152 77 58 45 43 70 72 149 153 182 221 83 60 55 57 61 67 106 76 77 152 154 273 322 208 145 131 123 141 140 152 146 121 68 72 76 129 129 138 173 248 386 516 598 573 322 252 191
0 0 0 0 0 0 0 0 0 0 0 0 0 0 0 0 0 0 0 0 0 0 0 0 0 0 0 0 0 0 0 0 0 0 0 0 0 0 0 0 0 0 0 144 75 76 76 88 81 81 53 47 46 98 111 145 177 310 300 88 55 77 60 63 72 146 105 74 152 143 214 201 122 135 115 118 132 147 152 152 154 76 61 76 109 153 152 153 269 265 430 354 330 377 317 253
0 0 0 0 0 0 0 0 0 0 0 0 0 0 0 0 0 0 0 0 0 0 0 0 0 0 0 0 0 0 0 0 0 0 0 0 0 0 0 0 0 0 144 65 51 119 76 81 52 54 42 54 134 192 275 73 154 237 226 72 55 136 79 82 91 153 118 79 76 107 152 136 121 114 99 103 123 155 152 152 152 106 65 73 90 152 165 148 304 320 580 660 318 333 118 160
0 0 0 0 0 0 0 0 0 0 0 0 0 0 0 0 0 0 0 0 0 0 0 0 0 0 0 0 0 0 0 0 0 0 0 0 0 0 0 0 0 0 0 0 62 76 72 75 53 39 51 63 151 166 159 83 93 59 66 55 55 77 76 132 145 113 116 121 161 152 131 134 152 120 97 91 120 150 152 152 152 139 76 58 124 150 152 137 199 318 311 339 451 204 165 152
0 0 0 0 0 0 0 0 0 0 0 0 0 0 0 0 0 0 0 0 0 0 0 0 0 0 0 0 0 0 0 0 0 0 0 0 0 0 0 0 0 0 0 105 86 57 76 126 83 31 69 94 73 76 56 66 64 55 55 50 64 56 72 121 109 116 130 154 149 144 152 143 145 121 94 89 116 143 151 153 153 153 76 56 97 141 139 122 147 199 242 298 312 305 112 155
0 0 0 0 0 0 0 0 0 0 0 0 0 0 0 0 0 0 0 0 0 0 0 0 0 0 0 0 0 0 0 0 0 0 0 0 0 0 0 0 0 0 14 127 159 87 79 85 76 22 67 146 77 152 79 61 165 149 55 188 173 72 71 80 103 136 176 217 145 145 143 138 127 115 92 84 102 145 154 149 152 175 64 49 80 116 99 124 120 150 228 260 204 109 152 131
0 0 0 0 0 0 0 0 0 0 0 0 0 0 0 0 0 0 0 0 0 0 0 0 0 0 0 0 0 0 0 0 0 0 0 0 0 0 0 0 0 0 49 76 247 140 77 76 81 54 39 40 122 144 69 101 311 286 55 256 177 72 76 84 106 244 274 272 143 137 154 146 146 117 112 133 78 284 145 158 199 303 197 47 79 92 88 106 118 151 205 147 104 132 97 115
0 0 0 0 0 0 0 0 0 0 0 0 0 0 0 0 0 0 0 0 0 0 0 0 0 0 0 0 0 0 0 0 0 0 0 0 0 0 0 0 0 0 79 75 119 154 150 126 73 73 2 14 105 78 95 113 67 147 55 76 68 149 135 151 243 183 199 116 122 131 149 151 160 137 199 181 83 187 151 194 221 286 191 50 98 79 85 102 106 296 149 150 145 453 177 40
0 0 0 0 0 0 0 0 0 0 0 0 0 0 0 0 0 0 0 0 0 0 0 0 0 0 0 0 0 0 0 0 0 0 0 0 0 0 0 0 0 0 78 85 136 132 137 136 75 0 4 6 39 95 175 123 73 45 54 105 144 321 302 298 173 157 143 91 107 123 137 141 154 211 154 152 76 142 116 196 195 183 76 62 152 91 86 98 152 226 90 144 186 177 86 53
0 0 0 0 0 0 0 0 0 0 0 0 0 0 0 0 0 0 0 0 0 0 0 0 0 0 0 0 0 0 0 0 0 0 0 0 0 0 0 1 1 14 95 48 83 76 76 99 15 0 2 1 11 41 216 99 32 54 61 80 242 292 308 304 289 246 118 96 102 112 125 132 143 143 152 149 101 76 148 295 279 156 47 76 139 94 99 76 150 74 152 150 237 152 62 29
0 0 0 0 0 0 0 0 0 0 0 0 0 0 0 0 0 0 0 0 0 0 0 0 0 0 0 0 0 0 0 0 0 0 0 0 0 0 0 1 2 1 11 25 31 65 73 77 0 0 1 0 7 48 44 1 30 54 58 77 305 289 340 304 304 305 163 88 99 103 119 133 140 150 153 157 163 65 88 132 202 147 43 102 114 106 152 91 77 130 76 155 121 135 84 0
0 0 0 0 0 0 0 0 0 0 0 0 0 0 0 0 0 0 0 0 0 0 0 0 0 0 0 0 0 0 0 0 0 0 0 0 0 0 45 1 1 1 7 25 12 36 76 101 0 0 0 1 0 1 1 18 54 52 56 105 292 296 293 321 290 269 102 80 92 104 124 139 142 152 153 152 153 84 68 83 118 75 33 127 102 170 345 141 76 114 288 116 73 111 23 0
0 0 0 0 0 0 0 0 0 0 0 0 0 0 0 0 0 0 0 0 0 0 0 0 0 0 0 0 0 0 0 0 0 0 0 1 4 3 0 0 0 0 0 0 22 1 46 138 6 8 19 25 11 21 49 49 72 90 101 59 64 76 155 179 232 121 87 76 152 150 147 152 255 164 130 112 106 76 73 64 71 58 100 42 93 358 330 148 126 65 69 76 75 67 9 0
0 0 0 0 0 0 0 0 0 0 0 0 0 0 0 0 0 0 0 0 0 0 0 0 0 0 0 0 0 0 0 0 0 0 1 0 0 0 10 71 18 1 15 39 70 98 107 118 43 22 32 33 18 30 125 48 79 93 76 118 75 72 81 131 146 84 81 97 153 152 152 152 191 148 83 75 72 76 56 73 76 182 152 26 76 421 178 133 123 57 73 76 75 68 12 0
0 0 0 0 0 0 0 0 0 0 0 0 0 0 0 0 0 0 0 0 0 0 0 0 0 0 0 0 0 0 0 0 0 0 0 0 0 0 76 152 71 49 56 87 151 145 147 152 82 34 40 38 26 30 101 47 72 72 73 111 117 101 88 99 108 72 70 117 152 152 126 152 121 112 86 79 73 64 76 54 60 136 152 68 105 340 152 107 70 60 73 76 76 40 9 0
0 0 0 0 0 0 0 0 0 0 0 0 0 0 0 0 0 0 0 0 0 0 0 0 0 0 0 0 0 0 0 0 0 0 0 0 0 0 48 56 70 68 70 74 126 152 151 159 76 41 59 67 56 65 46 93 76 102 76 87 94 149 133 121 104 79 77 119 152 152 76 152 146 74 115 131 87 67 76 76 83 46 304 30 269 157 122 76 67 55 76 66 76 55 0 0
0 0 0 0 0 0 0 0 0 0 0 0 0 0 0 0 0 0 0 0 0 0 0 0 0 0 0 0 0 0 0 0 0 0 0 0 0 0 48 56 70 68 70 74 126 152 151 159 76 41 59 67 56 65 46 93 76 102 76 87 94 149 133 121 104 79 77 119 152 152 76 152 146 74 115 131 87 67 76 76 83 46 304 30 269 157 122 76 67 55 76 66 76 55 0 0
0 0 0 0 0 0 0 0 0 0 0 0 0 0 0 0 0 0 0 0 0 0 0 0 0 0 0 0 0 0 0 0 0 0 0 0 0 26 56 59 67 69 72 77 88 139 172 144 72 66 78 123 141 86 48 155 75 146 112 82 114 157 171 150 123 76 76 104 148 145 79 78 63 116 152 157 152 150 75 168 135 125 97 58 126 146 132 74 61 58 38 64 69 70 0 0
0 0 0 0 0 0 0 0 0 0 0 0 0 0 0 0 0 0 0 0 0 0 0 0 0 0 0 0 0 0 0 0 0 0 0 45 77 111 76 66 84 120 150 125 75 145 160 155 82 67 82 137 101 81 65 71 83 111 125 170 152 152 229 269 305 269 134 74 146 128 75 46 69 84 76 89 109 195 132 152 153 152 63 75 82 82 71 94 75 46 8 13 7 0 0 0
0 0 0 0 0 0 0 0 0 0 0 0 0 0 0 0 0 0 0 0 0 0 0 0 0 0 0 0 0 0 0 0 0 0 0 17 42 82 70 76 169 141 169 110 161 157 187 155 188 94 118 127 104 85 89 96 105 140 165 249 155 274 645 573 475 218 77 78 88 75 55 31 21 15 18 23 20 42 156 107 154 145 7 119 76 76 75 76 76 45 1 1 1 0 0 0
