utils/dem_new.bin
ncols        256
nrows        256
xllcorner    -12.000000000000
yllcorner    50.000000000000
dx           0.060546875000
dy           0.035156250000
[rows 126 to 188 of 256, columns 96 to 191 of 256]
77 91 24 45 120 80 46 13 0 0 31 0 0 0 0 0 0 0 0 0 0 0 0 0 0 0 0 0 0 0 0 0 0 0 0 0 0 0 0 0 0 0 0 76 96 140 181 423 189 465 315 293 592 347 387 690 301 268 300 257 230 178 146 178 301 414 450 329 313 215 157 133 109 77 76 63 64 59 42 23 21 53 72 156 135 179 160 153 168 73 0 0 0 0 0 0
41 41 75 135 134 80 50 60 1 0 15 1 0 0 0 0 0 0 0 0 0 0 0 0 0 0 0 0 0 0 0 0 0 0 0 0 0 0 0 0 0 0 0 72 153 290 312 553 423 339 314 399 423 491 478 331 423 407 305 305 304 263 172 166 288 453 448 344 347 354 154 205 152 111 76 66 56 46 35 29 30 73 78 131 222 305 187 167 182 152 76 47 0 0 0 0
41 41 75 135 134 80 50 60 1 0 15 1 0 0 0 0 0 0 0 0 0 0 0 0 0 0 0 0 0 0 0 0 0 0 0 0 0 0 0 0 0 0 0 72 153 290 312 553 423 339 314 399 423 491 478 331 423 407 305 305 304 263 172 166 288 453 448 344 347 354 154 205 152 111 76 66 56 46 35 29 30 73 78 131 222 305 187 167 182 152 76 47 0 0 0 0
76 94 117 75 90 65 53 50 12 0 4 8 0 0 0 0 0 0 0 0 0 0 0 0 0 0 0 0 0 0 0 0 0 0 0 0 0 0 0 0 0 0 0 23 79 232 229 467 197 609 576 320 76 368 339 576 483 472 313 275 300 306 287 237 505 519 464 430 432 509 398 303 152 165 153 76 55 42 38 55 58 53 71 111 271 301 171 144 149 166 103 35 101 0 0 0
140 144 163 79 90 69 44 37 26 0 16 0 0 0 0 0 0 0 0 0 0 0 0 0 0 0 0 0 0 0 0 0 0 0 0 0 0 0 0 0 0 0 0 0 43 135 97 197 298 339 423 141 96 98 307 297 432 399 306 268 295 302 339 302 544 488 519 585 459 423 386 314 246 133 132 76 58 51 54 68 76 68 175 244 318 308 297 288 151 123 145 141 156 0 0 0
153 152 161 220 99 49 30 22 11 68 17 0 0 0 0 0 0 0 0 0 0 0 0 0 0 0 0 1 51 5 0 0 0 0 0 0 0 0 0 0 0 0 0 0 0 9 72 121 299 169 491 72 163 84 158 144 89 110 152 145 576 255 576 460 576 626 523 423 370 467 314 272 213 159 138 68 53 48 62 76 105 270 305 172 305 308 227 168 237 149 207 258 180 154 56 0
152 194 268 336 128 54 9 9 64 31 0 0 0 0 0 0 0 0 0 0 0 0 0 0 0 0 4 19 16 1 0 0 0 0 0 0 0 0 0 0 0 0 0 0 0 0 30 279 193 255 186 210 165 60 113 76 64 78 153 116 288 305 576 404 318 365 456 423 472 374 296 270 167 133 125 66 52 45 67 74 125 304 190 152 278 215 141 221 158 157 167 167 150 157 75 0
88 119 152 184 70 20 49 22 20 23 0 0 0 0 0 0 0 0 0 0 0 0 0 0 0 0 94 111 246 289 1 0 0 0 0 0 0 0 0 0 0 0 0 0 0 0 20 300 127 73 152 228 72 60 61 86 58 78 156 76 237 339 321 348 476 328 322 326 288 167 206 149 147 132 82 72 54 43 54 66 103 257 190 188 214 179 149 124 153 144 152 154 157 82 32 0
86 97 149 126 69 0 39 8 8 0 0 0 0 0 0 0 0 0 0 0 0 0 0 0 0 0 287 339 303 303 0 0 0 0 0 0 0 0 0 0 0 0 0 0 0 0 1 471 86 36 163 77 70 67 52 86 50 73 163 76 465 423 329 310 457 467 312 500 423 288 391 220 237 127 85 78 64 42 44 49 47 147 245 143 135 114 71 71 66 69 152 162 152 112 139 55
103 127 155 120 5 0 0 0 1 0 0 0 0 0 0 0 0 0 0 0 0 0 0 0 0 103 305 296 141 45 0 0 0 0 0 0 0 0 0 0 0 0 0 0 0 0 0 71 25 18 167 69 27 22 28 5 39 56 152 65 305 501 540 449 461 457 576 461 374 423 305 429 267 153 120 76 68 43 41 40 38 68 181 136 88 70 68 64 61 58 55 53 73 52 36 9
129 149 322 398 65 0 0 0 0 0 0 0 0 0 0 0 0 0 0 0 0 0 0 0 88 78 186 134 129 17 0 0 0 0 0 0 0 0 0 0 0 0 0 0 0 0 0 5 1 75 141 1 2 49 0 6 49 65 151 67 265 306 313 332 412 457 440 371 618 442 457 359 303 207 189 74 60 43 33 33 37 53 90 83 92 75 73 65 57 52 46 44 45 28 68 76
236 375 445 303 197 0 0 0 0 0 0 0 0 0 0 0 0 0 0 0 0 0 0 0 219 155 81 32 0 0 0 0 0 0 0 0 0 0 0 0 0 0 0 0 0 0 0 0 0 68 69 0 0 14 0 9 75 76 79 65 135 199 593 413 337 482 306 440 389 617 457 272 329 290 207 101 76 42 32 29 37 44 76 133 119 77 76 71 67 60 50 55 145 135 151 96
439 416 233 212 1 0 0 0 0 0 0 0 0 0 0 0 0 0 0 0 0 0 0 0 271 106 110 0 0 0 0 0 0 0 0 0 0 0 0 0 0 0 0 0 0 0 0 0 1 36 26 0 0 0 0 0 69 76 58 71 89 166 280 297 265 500 458 269 268 487 463 396 271 297 220 128 69 41 32 27 31 32 59 63 76 76 76 76 70 60 146 127 144 77 85 75
188 188 126 65 0 0 0 0 0 0 0 0 0 0 0 0 0 0 0 0 0 0 0 75 41 18 0 0 0 0 0 0 0 0 0 0 0 0 0 0 0 0 0 0 0 0 0 0 0 0 0 0 0 0 0 0 67 52 82 85 163 169 152 152 195 448 435 446 304 360 413 424 157 249 227 152 81 46 31 26 25 21 37 55 49 57 74 76 69 70 117 152 154 144 138 76
0 8 15 0 0 0 0 0 0 0 0 0 0 0 0 0 0 0 0 0 0 0 0 0 0 1 0 0 0 0 0 0 0 0 0 0 0 0 0 0 0 0 0 0 0 0 0 0 0 0 0 0 0 0 0 10 62 66 237 214 215 331 273 224 163 452 289 303 321 198 241 365 318 127 163 137 80 63 40 27 23 19 21 42 38 34 64 61 76 152 156 158 145 99 81 58
0 0 0 0 0 0 0 0 0 0 0 0 0 0 0 0 0 0 0 0 0 0 0 0 0 0 0 0 0 0 0 0 0 0 0 0 0 0 0 0 0 0 0 0 0 0 0 0 0 0 0 0 0 0 1 26 78 128 381 423 409 316 305 305 144 245 194 176 219 399 153 312 274 153 145 75 70 69 46 29 24 18 15 24 25 30 58 54 70 157 166 151 76 76 65 52
1 0 0 0 0 0 0 0 0 0 0 0 0 0 0 0 0 0 0 0 0 0 0 0 0 0 0 0 0 0 0 0 0 0 0 0 0 0 0 0 0 0 0 0 0 0 0 0 0 0 0 0 0 0 1 29 79 140 176 331 329 254 255 251 166 144 150 149 170 314 158 294 303 162 144 152 131 76 46 31 26 19 15 14 21 32 53 49 52 206 169 152 76 57 26 26
0 0 0 0 0 0 0 0 0 0 0 0 0 0 0 0 0 0 0 0 0 0 0 0 0 0 0 0 0 0 0 0 0 0 0 0 0 0 0 0 0 0 0 0 0 0 0 0 0 0 0 0 0 1 3 31 61 151 354 315 137 255 257 135 130 170 152 307 206 181 192 115 83 142 149 114 64 79 66 50 42 29 17 11 18 27 41 43 57 63 82 94 77 52 16 5
0 0 0 0 0 0 0 0 0 0 0 0 0 0 0 0 0 0 0 0 0 0 0 0 0 0 0 0 0 0 0 0 0 0 0 0 0 0 0 0 0 0 0 0 0 0 0 0 0 0 0 0 1 1 4 26 44 98 225 221 149 155 71 77 220 317 161 305 259 146 123 303 313 98 138 93 75 87 76 65 50 27 17 10 15 20 30 35 44 48 74 76 76 49 13 1
0 0 0 0 0 0 0 0 0 0 0 0 0 0 0 0 0 0 0 0 0 0 0 0 0 0 0 0 0 0 0 0 0 0 0 0 0 0 0 0 0 0 0 0 0 0 0 0 0 0 0 0 1 4 3 19 34 55 131 108 293 79 84 186 339 180 188 305 307 305 135 124 190 92 152 152 129 133 78 76 69 33 16 10 12 17 25 35 32 38 63 74 81 64 21 1
0 0 0 0 0 0 0 0 0 0 0 0 0 0 0 0 0 0 0 0 0 0 0 0 0 0 0 0 0 0 0 0 0 0 0 0 0 0 0 0 0 0 0 0 0 0 0 0 0 0 0 0 2 6 8 23 28 39 76 131 77 60 138 202 188 166 270 424 339 291 228 172 135 140 124 77 76 87 76 74 65 35 16 10 10 14 17 28 22 34 52 62 88 81 27 1
0 0 0 0 0 0 0 0 0 0 0 0 0 0 0 0 0 0 0 0 0 0 0 0 0 0 0 0 0 0 0 0 0 0 0 0 0 0 0 0 0 0 0 0 0 0 0 0 0 0 0 0 2 6 8 23 28 39 76 131 77 60 138 202 188 166 270 424 339 291 228 172 135 140 124 77 76 87 76 74 65 35 16 10 10 14 17 28 22 34 52 62 88 81 27 1
0 0 0 0 0 0 0 0 0 0 0 0 0 0 0 0 0 0 0 0 0 0 0 0 0 0 0 0 0 0 0 0 0 0 0 0 0 0 0 0 0 0 0 0 0 0 0 0 0 0 0 0 2 4 8 19 25 30 46 42 82 143 72 76 126 148 321 330 305 324 322 275 145 158 153 76 62 65 77 77 75 38 19 12 8 9 11 18 14 28 36 36 86 103 43 4
0 0 0 0 0 0 0 0 0 0 0 0 0 0 0 0 0 0 0 0 0 0 0 0 0 0 0 0 0 0 0 0 0 0 0 0 0 0 0 0 0 0 0 0 0 0 0 0 0 0 0 0 1 1 3 8 16 22 31 63 152 152 114 156 299 271 335 350 288 319 326 304 182 152 156 140 76 65 57 76 64 37 22 13 9 7 5 9 11 14 18 15 62 92 45 4
0 0 0 0 0 0 0 0 0 0 0 0 0 0 0 0 0 0 0 0 0 0 0 0 0 0 0 0 0 0 0 0 0 0 0 0 0 0 0 0 0 0 0 0 0 0 0 0 0 0 0 0 0 1 10 16 37 44 75 152 215 230 307 297 289 305 308 288 336 313 130 77 80 77 75 76 76 58 50 41 37 33 23 17 9 6 3 2 1 1 1 1 1 0 1 1
0 0 0 0 0 0 0 0 0 0 0 0 0 0 0 0 0 0 0 0 0 0 0 0 0 0 0 0 0 0 0 0 0 0 0 0 0 0 0 0 0 0 0 0 0 0 0 0 0 0 0 0 0 6 18 23 40 46 70 151 307 304 290 312 296 337 280 261 314 305 257 200 127 91 92 94 69 59 68 45 46 46 29 16 9 5 3 3 1 1 1 1 1 36 50 16
0 0 0 0 0 0 0 0 0 0 0 0 0 0 0 0 0 0 0 0 0 0 0 0 0 0 0 0 0 0 0 0 0 0 0 0 0 0 0 0 0 0 0 0 0 0 0 0 0 0 0 0 3 15 25 35 64 70 69 116 319 243 186 224 174 218 131 190 305 453 294 150 128 131 153 153 81 76 76 66 62 61 42 24 11 7 3 4 2 1 1 1 1 20 79 35
0 0 0 0 0 0 0 0 0 0 0 0 0 0 0 0 0 0 0 0 0 0 0 0 0 0 0 0 0 0 0 0 0 0 0 0 0 0 0 0 0 0 0 0 0 0 0 0 0 0 0 1 5 21 38 49 76 78 76 77 207 151 121 166 111 87 152 253 306 349 299 257 152 216 213 145 93 77 75 77 76 75 43 29 14 10 5 4 3 2 2 2 1 9 67 51
13 1 0 0 0 0 0 0 0 0 0 0 0 0 0 0 0 0 0 0 0 0 0 0 0 0 0 0 0 0 0 0 0 0 0 0 0 0 0 0 0 0 0 0 0 0 0 0 0 0 0 2 4 21 45 62 78 76 74 77 91 101 72 77 76 78 147 261 291 296 457 371 246 320 299 161 99 81 70 75 75 78 49 27 20 16 9 7 5 3 4 4 5 16 39 76
7 1 0 0 0 0 0 0 0 0 0 0 0 0 0 0 0 0 0 0 0 0 0 0 0 0 0 0 0 0 0 0 0 0 0 0 0 0 0 0 0 0 0 0 0 0 0 0 0 0 0 1 5 18 39 61 76 79 70 67 70 76 75 73 79 76 121 200 215 333 481 463 383 298 289 187 153 92 71 62 59 76 54 30 22 17 11 11 6 6 7 9 19 24 36 65
1 0 1 0 0 0 0 0 0 0 0 0 0 0 0 0 0 0 0 0 0 0 0 0 0 0 0 0 0 0 0 0 0 0 0 0 0 0 0 0 0 0 0 0 0 0 0 0 0 0 0 0 5 12 26 57 63 76 105 50 44 47 62 64 56 67 76 143 148 382 423 425 458 386 304 257 152 152 78 72 66 51 41 37 26 24 16 15 9 13 18 21 34 31 33 47
0 0 0 0 0 0 0 0 0 0 0 0 0 0 0 0 0 0 0 0 0 0 0 0 0 0 0 0 0 0 0 0 0 0 0 0 0 0 0 0 0 0 0 0 0 0 0 0 0 0 0 0 3 15 24 69 46 29 42 43 37 35 36 40 48 60 77 105 158 169 305 483 457 472 460 288 148 147 76 76 63 80 85 55 35 31 22 22 11 16 33 35 46 39 36 55
0 0 0 0 0 0 0 0 0 0 0 0 0 0 0 0 0 0 0 0 0 0 0 0 0 0 0 0 1 1 0 0 0 0 0 0 0 0 0 0 0 0 0 0 0 0 0 0 0 0 0 2 0 11 23 64 41 22 12 21 33 29 37 41 48 60 73 125 153 226 332 466 392 406 477 282 230 135 76 63 76 82 80 54 39 32 27 33 15 19 36 44 53 46 37 60
1 0 0 0 0 0 0 0 0 0 0 0 0 0 0 0 0 0 0 0 0 0 0 0 0 0 35 40 52 59 78 0 0 0 0 0 0 0 0 0 0 0 0 0 0 0 0 0 0 0 15 21 15 3 14 19 18 11 7 9 22 26 39 45 59 64 76 91 135 258 360 576 322 272 373 321 163 74 68 66 76 82 77 57 40 37 32 50 23 21 39 46 56 51 38 46
0 0 0 0 0 0 0 0 0 0 0 0 0 0 0 0 0 0 0 0 0 0 0 0 0 0 29 72 70 70 57 1 0 0 0 0 0 0 0 0 0 0 0 0 0 0 0 0 0 0 57 45 24 0 4 2 1 1 7 56 30 27 40 45 62 76 84 134 175 173 305 449 274 247 290 325 268 96 166 67 76 81 77 63 44 43 37 74 35 20 38 43 55 53 40 42
0 0 0 0 0 0 0 0 0 0 0 0 0 0 0 0 0 0 0 0 0 0 0 0 0 0 9 34 79 76 77 74 0 0 0 0 0 0 1 0 0 0 0 0 0 26 107 84 0 0 0 48 21 3 0 0 1 1 1 74 45 20 44 47 59 76 98 207 305 193 259 414 330 270 169 304 284 158 152 78 72 86 76 65 48 47 41 100 44 19 37 37 50 49 33 36
1 0 0 0 0 0 0 0 0 0 0 0 0 0 0 0 0 0 0 0 0 0 0 0 0 0 1 11 52 50 37 76 75 43 0 0 0 157 105 69 210 150 81 138 74 66 98 180 182 133 0 2 2 1 5 19 76 84 44 11 10 18 37 52 70 133 159 299 388 379 399 292 239 305 309 165 283 155 76 74 73 147 74 76 57 53 48 75 35 21 36 36 36 36 30 27
22 0 0 0 0 0 0 0 0 0 0 0 0 0 0 0 0 0 0 0 0 0 0 0 0 0 0 8 26 28 17 76 32 0 1 23 202 466 61 94 256 173 150 125 102 73 72 212 155 165 48 6 9 5 11 21 63 74 71 65 13 24 43 53 78 112 157 301 341 463 424 320 314 154 170 131 308 152 95 97 90 159 75 69 59 56 73 66 27 24 38 38 34 31 28 25
37 19 0 0 0 0 0 0 0 0 0 0 0 0 0 0 0 0 0 0 0 0 0 0 0 0 0 1 3 3 3 11 1 82 99 184 590 565 172 149 266 145 230 167 209 128 73 182 271 152 132 76 34 10 15 27 52 62 103 61 15 24 43 51 76 91 142 308 274 393 378 305 305 288 189 125 346 197 132 144 136 152 83 77 66 65 76 59 24 27 39 40 35 46 38 27
152 66 0 0 0 0 0 0 0 0 0 0 0 0 0 0 0 0 0 0 0 0 0 0 0 0 0 0 0 1 1 3 62 88 320 232 725 480 353 112 287 220 307 275 220 131 80 73 339 209 141 135 87 13 15 33 45 44 82 50 17 28 48 53 79 82 161 223 284 326 416 262 325 304 214 172 228 222 147 153 152 154 103 82 74 73 76 58 25 32 42 41 40 67 44 32
152 66 0 0 0 0 0 0 0 0 0 0 0 0 0 0 0 0 0 0 0 0 0 0 0 0 0 0 0 1 1 3 62 88 320 232 725 480 353 112 287 220 307 275 220 131 80 73 339 209 141 135 87 13 15 33 45 44 82 50 17 28 48 53 79 82 161 223 284 326 416 262 325 304 214 172 228 222 147 153 152 154 103 82 74 73 76 58 25 32 42 41 40 67 44 32
172 74 0 0 0 0 0 0 0 0 0 0 0 0 0 0 0 0 0 0 0 0 0 0 0 0 0 0 0 0 0 34 99 135 467 619 486 413 255 67 344 312 311 395 295 231 153 73 277 316 181 111 86 13 15 36 47 51 71 46 22 38 48 59 94 152 164 232 255 287 387 201 271 310 283 309 140 191 129 148 154 152 152 106 78 76 76 36 24 35 42 41 50 74 49 37
188 68 0 0 0 0 0 0 0 0 0 0 0 0 0 0 0 0 0 0 0 0 0 0 0 0 0 0 0 0 36 136 186 186 608 508 342 423 169 123 285 301 411 317 403 333 309 152 252 304 373 189 132 76 28 40 139 134 83 72 27 41 76 84 150 152 150 152 151 213 297 305 157 180 198 231 157 135 140 81 84 157 101 90 76 78 60 28 30 44 48 46 71 76 55 42
119 49 0 0 0 0 0 0 0 0 0 0 0 0 0 0 0 0 0 0 0 0 0 0 0 0 0 0 0 0 94 221 428 346 234 147 528 380 447 292 261 294 305 305 297 305 270 247 305 423 467 159 111 61 36 57 96 89 73 65 30 55 72 98 154 154 131 173 166 152 296 305 155 145 152 163 141 77 113 76 76 139 76 78 64 62 38 31 35 49 51 53 75 76 59 42
76 51 0 0 0 0 0 0 0 0 0 0 0 0 0 0 0 0 0 0 0 0 0 0 0 0 0 0 34 220 212 184 322 583 76 155 490 339 423 471 407 483 315 293 291 235 196 212 281 186 327 154 101 58 49 60 76 76 79 72 37 76 103 128 153 129 149 205 186 153 144 186 121 156 153 152 151 76 78 77 73 88 65 76 76 43 33 34 38 54 58 71 76 75 59 45
93 74 27 0 0 0 0 0 0 0 0 0 0 0 0 0 0 0 0 0 0 0 0 0 0 0 0 0 261 145 141 99 89 227 36 74 216 236 457 444 323 425 298 427 297 163 237 376 268 271 131 76 76 73 67 74 76 74 70 75 56 92 133 153 152 149 143 241 191 152 152 107 152 152 135 117 95 76 76 76 73 77 52 66 36 40 45 38 41 61 67 70 77 77 66 46
72 93 1 0 0 0 0 0 0 0 0 0 0 0 0 0 0 0 0 0 0 0 0 0 0 0 8 143 80 66 47 30 64 73 3 34 163 260 387 468 435 306 244 262 210 223 405 477 456 289 271 109 80 78 77 77 76 72 60 60 61 95 160 152 142 152 137 198 174 152 122 81 125 103 78 80 79 67 71 78 79 61 42 37 51 64 54 48 47 64 76 75 77 77 72 55
76 71 0 0 0 0 0 0 0 0 0 0 0 0 0 0 0 0 0 0 0 0 0 0 0 59 127 38 17 0 0 0 0 0 16 105 423 247 306 457 392 294 243 282 399 358 670 457 319 305 314 135 99 77 77 78 76 75 62 43 76 104 152 152 130 136 99 163 155 152 93 76 76 74 73 78 76 71 51 54 62 41 43 52 75 77 54 48 63 76 76 76 77 77 75 57
81 11 0 0 0 0 0 0 0 0 0 0 0 0 0 0 0 0 0 0 0 0 0 0 25 81 80 59 0 0 0 0 0 0 136 271 433 206 331 426 302 279 328 435 498 576 584 416 316 301 256 146 107 76 76 79 76 76 90 113 76 98 118 131 121 102 91 79 118 146 90 137 76 70 68 61 58 51 48 43 50 49 64 58 77 77 55 51 144 152 86 78 77 77 76 60
6 0 0 0 0 0 0 0 0 0 0 0 0 0 0 0 0 0 0 0 0 0 0 0 75 92 11 0 0 0 0 0 0 0 80 169 447 213 301 454 305 339 357 457 528 298 271 248 186 147 183 92 83 80 76 82 80 79 77 86 73 80 81 94 102 96 76 76 77 98 82 133 85 84 80 59 76 88 53 80 79 52 77 76 76 76 63 119 151 145 92 79 77 77 66 56
0 0 0 0 0 0 0 0 0 0 0 0 0 0 0 0 0 0 0 0 0 0 0 1 0 0 0 0 0 0 0 0 0 0 83 264 593 423 226 319 423 802 457 423 383 308 255 271 155 118 100 72 68 79 76 83 84 83 64 43 47 73 72 76 85 94 81 76 72 73 78 79 80 82 76 69 98 141 86 74 76 48 70 77 78 77 113 106 139 89 77 76 77 76 62 49
0 0 0 0 0 0 0 0 0 0 0 0 0 0 0 0 0 0 0 0 0 0 1 0 0 0 0 0 0 0 0 0 0 0 21 297 184 131 147 253 606 346 230 454 315 305 305 286 149 86 74 70 65 62 77 71 82 83 47 46 54 51 76 75 80 86 84 98 139 159 69 72 71 69 62 76 104 152 152 107 109 68 61 76 79 78 74 76 78 77 76 76 78 73 55 42
0 0 0 0 0 0 0 0 0 0 0 0 0 0 0 0 0 0 0 0 0 0 0 0 0 0 0 0 0 0 0 0 0 0 0 85 67 167 271 452 203 151 336 362 316 221 226 195 153 126 77 67 97 76 58 76 53 51 66 54 67 50 101 93 83 88 82 117 151 171 135 81 66 60 71 79 82 121 150 155 219 174 71 69 71 74 80 108 127 83 76 76 78 72 48 35
0 0 0 0 0 0 0 0 0 0 0 0 0 0 0 0 0 0 0 0 0 0 0 0 0 0 0 0 0 0 0 0 0 0 0 0 339 771 308 293 219 159 293 311 265 174 149 153 136 152 83 128 155 124 82 82 68 71 73 88 147 148 152 110 87 102 89 125 149 161 173 98 71 64 68 72 76 95 127 183 207 152 92 69 72 76 91 149 154 136 78 77 76 68 40 31
0 0 0 0 0 0 0 0 0 0 0 0 0 0 0 0 0 0 0 0 0 0 0 0 0 0 0 0 0 0 0 0 0 0 88 289 108 161 204 151 109 198 423 341 264 274 190 137 201 160 75 308 303 141 91 116 77 80 65 93 176 152 117 92 83 112 99 134 144 150 150 108 84 66 78 76 78 90 110 148 139 129 76 69 82 105 152 149 152 152 76 76 66 57 37 33
0 0 0 0 0 0 0 0 0 0 0 0 0 0 0 0 0 0 0 0 0 0 0 0 0 0 0 0 0 0 0 0 0 0 41 76 342 91 40 140 163 197 271 305 320 300 270 203 277 118 125 154 259 326 305 250 128 153 155 140 164 86 76 76 76 131 146 150 147 142 153 152 152 74 73 84 75 76 97 105 95 78 76 76 96 121 153 152 102 153 82 76 74 81 60 36
0 0 0 0 0 0 0 0 0 0 0 0 0 0 0 0 0 0 0 0 0 0 0 0 0 0 0 0 0 0 0 0 0 0 0 79 122 53 197 160 276 339 408 296 272 317 234 166 176 152 146 196 321 332 305 310 263 192 152 162 151 92 74 75 76 97 152 151 144 134 154 144 116 75 73 105 151 76 92 96 87 75 76 75 87 114 140 141 90 74 69 67 69 75 52 34
0 0 0 0 0 0 0 0 0 0 0 0 0 0 0 0 0 0 0 0 0 0 0 0 0 0 0 0 0 0 0 0 0 0 0 1 2 186 334 349 476 427 393 322 184 153 146 155 149 252 172 148 160 237 292 305 241 175 153 185 154 87 76 77 76 76 142 153 148 152 127 119 93 76 75 107 152 85 88 94 88 78 87 109 125 133 103 76 76 71 82 89 73 72 43 35
0 0 0 0 0 0 0 0 0 0 0 0 0 0 0 0 0 0 0 0 0 0 0 0 0 0 0 0 0 0 0 0 0 0 0 0 70 303 352 459 481 419 314 261 152 161 252 186 223 301 321 305 242 171 318 216 152 155 152 282 152 130 75 75 133 76 107 152 155 153 139 112 90 79 76 122 152 99 86 94 92 90 104 135 152 153 101 75 79 84 83 80 79 66 39 37
0 0 0 0 0 0 0 0 0 0 0 0 0 0 0 0 0 0 0 0 0 0 0 0 0 0 0 0 0 0 0 0 0 0 0 0 70 303 352 459 481 419 314 261 152 161 252 186 223 301 321 305 242 171 318 216 152 155 152 282 152 130 75 75 133 76 107 152 155 153 139 112 90 79 76 122 152 99 86 94 92 90 104 135 152 153 101 75 79 84 83 80 79 66 39 37
0 0 0 0 0 0 0 0 0 0 0 0 0 0 0 0 0 0 0 0 0 0 0 0 0 0 0 0 0 0 0 0 0 0 0 82 134 236 312 643 413 347 297 191 152 423 399 313 360 411 305 298 269 159 152 148 158 135 200 394 152 130 74 85 157 75 93 129 145 155 146 121 105 85 76 152 153 95 84 92 95 98 108 144 152 149 117 91 86 83 76 73 79 64 43 39
0 0 0 0 0 0 0 0 0 0 0 0 0 0 0 0 0 0 0 0 0 0 0 0 0 0 0 0 0 0 0 0 0 0 21 69 61 91 216 450 457 474 319 308 295 447 382 303 371 325 289 305 305 299 140 152 109 141 146 321 191 152 76 76 73 75 85 182 163 155 153 151 114 91 81 76 76 76 76 77 83 97 115 136 161 152 154 145 127 76 77 76 61 54 53 44
0 0 0 0 0 0 0 0 0 0 0 0 0 0 0 0 0 0 0 0 0 0 0 0 0 0 0 0 0 0 0 0 0 0 140 46 77 185 219 302 397 461 418 305 297 392 332 300 305 361 281 309 302 175 126 151 151 81 123 220 135 139 150 94 73 75 78 133 145 154 149 151 121 92 86 77 76 75 76 77 82 102 127 146 158 153 139 118 109 80 76 79 52 67 57 44
